ABS 	data_type       	    #ABS (absolute), REL (tangential), DIF (differential coorinates) or CPV (camera pointing vector)
Triton 	moon_entry         	    #Target body
0		time_entry             	#First time entry
3		amount_time_entries  	#Amount of time entries
DATE    time_type          	    #JD, MJD, J2000, DATE, MINsinceJDaddingtheJD
utc		time_scale		        #time scale,lower case
0		time_delta          	#hours away from standard time scale (i.e. utc-3 is -3)
3		RA_entry           	    #First RA or X entry
6		DEC_entry             	#First DEC or Y entry
1		number_observatories  	#Amount of observatories, needs extra definition which one if 1
286		observatory       	    #Ignored if more than 1 observatory
0		observatory_entrace	    #Ignored if 1 observatory
8		relative_body_entry  	#Ignored if ABS, can either be a name or entry position
False	process_relative        #Switch for processing relative observations or not
J2000   Epoch of equinox        #J2000, B1950
Neptune central_body            #name or number
2020 10 24.583229 23 18 23.4751 -05 40 59.523 
2020 10 24.583866 23 18 23.4697 -05 40 59.564 
2020 10 24.584502 23 18 23.4674 -05 40 59.586 
2020 10 24.585139 23 18 23.4636 -05 40 59.610 
2020 10 24.585775 23 18 23.4626 -05 40 59.610 
2020 10 24.587049 23 18 23.4562 -05 40 59.667 
2020 10 24.588322 23 18 23.4505 -05 40 59.650 
2020 10 24.588958 23 18 23.4496 -05 40 59.698 
2020 10 24.589595 23 18 23.4452 -05 40 59.709 
2020 10 24.590231 23 18 23.4447 -05 40 59.714 
2020 10 24.590868 23 18 23.4418 -05 40 59.737 
2020 10 24.591505 23 18 23.4390 -05 40 59.705 
2020 10 24.592141 23 18 23.4361 -05 40 59.778 
2020 10 24.592778 23 18 23.4330 -05 40 59.772 
2020 10 24.593414 23 18 23.4298 -05 40 59.821 
2020 10 24.594051 23 18 23.4287 -05 40 59.798 
2020 10 24.594687 23 18 23.4253 -05 40 59.797 
2020 10 24.595324 23 18 23.4231 -05 40 59.828 
2020 10 24.595961 23 18 23.4183 -05 40 59.864 
2020 10 24.597234 23 18 23.4152 -05 40 59.896 
2020 10 24.597859 23 18 23.4155 -05 40 59.882 
2020 10 24.598495 23 18 23.4098 -05 40 59.921 
2020 10 24.599132 23 18 23.4069 -05 40 59.883 
2020 10 24.599769 23 18 23.4048 -05 40 59.927 
2020 10 24.600405 23 18 23.4028 -05 40 59.955 
2020 10 24.601042 23 18 23.3982 -05 40 59.976 
2020 10 24.602060 23 18 23.3947 -05 41  0.010 
2020 10 24.602697 23 18 23.3924 -05 41  0.007 
2020 10 24.603333 23 18 23.3889 -05 40 59.994 
2020 10 24.603970 23 18 23.3857 -05 41  0.050 
2020 10 24.604606 23 18 23.3833 -05 41  0.027 
2020 10 24.605243 23 18 23.3805 -05 41  0.072 
2020 10 24.605880 23 18 23.3800 -05 41  0.140 
2020 10 24.606516 23 18 23.3749 -05 41  0.112 
2020 10 24.607153 23 18 23.3729 -05 41  0.126 
2020 10 24.607789 23 18 23.3691 -05 41  0.123 
2020 10 24.608426 23 18 23.3691 -05 41  0.195 
2020 10 24.609063 23 18 23.3665 -05 41  0.143 
2020 10 24.609687 23 18 23.3635 -05 41  0.196 
2020 10 24.611597 23 18 23.3555 -05 41  0.254 
2020 10 24.612234 23 18 23.3518 -05 41  0.253 
2020 10 24.612963 23 18 23.3512 -05 41  0.237 
2020 10 24.613600 23 18 23.3461 -05 41  0.257 
2020 10 24.614236 23 18 23.3426 -05 41  0.308 
2020 10 24.614861 23 18 23.3404 -05 41  0.307 
2020 10 24.615498 23 18 23.3397 -05 41  0.294 
2020 10 24.616134 23 18 23.3353 -05 41  0.360 
2020 10 24.616771 23 18 23.3347 -05 41  0.351 
2020 10 24.617407 23 18 23.3316 -05 41  0.403 
2020 10 24.618044 23 18 23.3274 -05 41  0.415 
2020 10 24.618681 23 18 23.3268 -05 41  0.408 
2020 10 24.619954 23 18 23.3196 -05 41  0.437 
2020 10 24.620590 23 18 23.3163 -05 41  0.438 
2020 10 24.692095 23 18 23.0198 -05 41  2.222 
2020 10 24.692384 23 18 23.0187 -05 41  2.180 
2020 10 24.692674 23 18 23.0192 -05 41  2.186 
2020 10 24.692963 23 18 23.0181 -05 41  2.190 
2020 10 24.693252 23 18 23.0145 -05 41  2.197 
2020 10 24.693542 23 18 23.0136 -05 41  2.210 
2020 10 24.693831 23 18 23.0138 -05 41  2.232 
2020 10 24.694120 23 18 23.0109 -05 41  2.269 
2020 10 24.694410 23 18 23.0133 -05 41  2.211 
2020 10 24.694699 23 18 23.0080 -05 41  2.277 
2020 10 24.694988 23 18 23.0074 -05 41  2.268 
2020 10 24.695278 23 18 23.0080 -05 41  2.304 
2020 10 24.695567 23 18 23.0076 -05 41  2.264 
2020 10 24.695856 23 18 23.0073 -05 41  2.304 
2020 10 24.696146 23 18 23.0038 -05 41  2.261 
2020 10 24.696435 23 18 23.0025 -05 41  2.262 
2020 10 24.696725 23 18 23.0014 -05 41  2.284 
2020 10 24.697014 23 18 22.9989 -05 41  2.307 
2020 10 24.697303 23 18 22.9953 -05 41  2.351 
2020 10 24.697882 23 18 22.9961 -05 41  2.323 
2020 10 24.698171 23 18 22.9947 -05 41  2.388 
2020 10 24.698449 23 18 22.9943 -05 41  2.368 
2020 10 24.698738 23 18 22.9935 -05 41  2.312 
2020 10 24.699028 23 18 22.9926 -05 41  2.350 
2020 10 24.699317 23 18 22.9911 -05 41  2.382 
2020 10 24.699896 23 18 22.9876 -05 41  2.388 
2020 10 24.700185 23 18 22.9862 -05 41  2.440 
2020 10 24.700475 23 18 22.9860 -05 41  2.391 
2020 10 24.700764 23 18 22.9845 -05 41  2.395 
2020 10 24.701053 23 18 22.9815 -05 41  2.444 
2020 10 24.701343 23 18 22.9796 -05 41  2.496 
2020 10 24.701632 23 18 22.9785 -05 41  2.440 
2020 10 24.701921 23 18 22.9782 -05 41  2.454 
2020 10 24.702211 23 18 22.9779 -05 41  2.488 
2020 10 24.702500 23 18 22.9775 -05 41  2.473 
2020 10 24.702789 23 18 22.9753 -05 41  2.420 
2020 10 24.703356 23 18 22.9750 -05 41  2.463 
2020 10 24.703646 23 18 22.9723 -05 41  2.482 
2020 10 24.703935 23 18 22.9717 -05 41  2.454 
2020 10 24.704225 23 18 22.9715 -05 41  2.465 
2020 10 24.704514 23 18 22.9691 -05 41  2.462 
2020 10 24.704803 23 18 22.9693 -05 41  2.532 
2020 10 24.705093 23 18 22.9652 -05 41  2.471 
2020 11 13.528843 23 17 22.5158 -05 46 56.917
2020 11 13.529647 23 17 22.5148 -05 46 56.951
2020 11 13.530226 23 17 22.5157 -05 46 56.988
2020 11 13.531962 23 17 22.5101 -05 46 56.966
2020 11 13.532541 23 17 22.5056 -05 46 56.967
2020 11 13.533698 23 17 22.5101 -05 46 56.960
2020 11 13.534277 23 17 22.5049 -05 46 56.979
2020 11 13.534855 23 17 22.5089 -05 46 57.013
2020 11 13.535434 23 17 22.5035 -05 46 57.026
2020 11 13.536591 23 17 22.5012 -05 46 57.016
2020 11 13.537170 23 17 22.4993 -05 46 57.062
2020 11 13.538328 23 17 22.4974 -05 46 57.038
2020 11 13.538906 23 17 22.4966 -05 46 57.021
2020 11 13.539485 23 17 22.4950 -05 46 57.059
2020 11 13.540064 23 17 22.4922 -05 46 57.092
2020 11 13.540642 23 17 22.4918 -05 46 57.081
2020 11 13.541221 23 17 22.4918 -05 46 57.084
2020 11 13.541800 23 17 22.4894 -05 46 57.062
2020 11 13.542957 23 17 22.4874 -05 46 57.110
2020 11 13.543536 23 17 22.4861 -05 46 57.106
2020 11 13.544115 23 17 22.4847 -05 46 57.107
2020 11 13.544693 23 17 22.4825 -05 46 57.114
2020 11 13.545260 23 17 22.4834 -05 46 57.108
2020 11 13.545839 23 17 22.4824 -05 46 57.159
2020 11 13.546418 23 17 22.4807 -05 46 57.134
2020 11 13.546997 23 17 22.4789 -05 46 57.131
2020 11 13.547575 23 17 22.4767 -05 46 57.177
2020 11 13.548154 23 17 22.4744 -05 46 57.153
2020 11 13.548733 23 17 22.4748 -05 46 57.142
2020 11 13.549311 23 17 22.4751 -05 46 57.206
2020 11 13.549890 23 17 22.4732 -05 46 57.168
2020 11 13.550469 23 17 22.4696 -05 46 57.152
2020 11 13.551047 23 17 22.4700 -05 46 57.186
2020 11 13.551626 23 17 22.4685 -05 46 57.187
2020 11 13.552205 23 17 22.4673 -05 46 57.200
2020 11 13.552784 23 17 22.4688 -05 46 57.235
2020 11 13.553362 23 17 22.4656 -05 46 57.225
2020 11 13.553941 23 17 22.4636 -05 46 57.243
2020 11 13.554520 23 17 22.4625 -05 46 57.237
2020 11 13.555098 23 17 22.4614 -05 46 57.244
2020 11 13.555677 23 17 22.4621 -05 46 57.277
2020 11 13.556256 23 17 22.4603 -05 46 57.229
2020 11 13.556834 23 17 22.4561 -05 46 57.262
2020 11 13.557413 23 17 22.4564 -05 46 57.279
2020 11 13.557992 23 17 22.4573 -05 46 57.281
2020 11 13.558571 23 17 22.4545 -05 46 57.266
2020 11 13.559149 23 17 22.4540 -05 46 57.278
2020 11 13.559716 23 17 22.4539 -05 46 57.311
2020 11 13.560295 23 17 22.4510 -05 46 57.292
2020 11 13.560874 23 17 22.4520 -05 46 57.323
2020 11 13.561453 23 17 22.4464 -05 46 57.320
2020 11 13.562031 23 17 22.4469 -05 46 57.326
2020 11 13.563189 23 17 22.4449 -05 46 57.294
2020 11 13.563767 23 17 22.4445 -05 46 57.375
2020 11 13.564346 23 17 22.4420 -05 46 57.365
2020 11 13.564925 23 17 22.4422 -05 46 57.345
2020 11 13.565503 23 17 22.4403 -05 46 57.369
2020 11 13.567818 23 17 22.4347 -05 46 57.390
2020 11 13.568397 23 17 22.4336 -05 46 57.440
2020 11 13.568976 23 17 22.4334 -05 46 57.387
2020 11 13.569554 23 17 22.4323 -05 46 57.402
2020 11 13.570133 23 17 22.4321 -05 46 57.391
2020 11 13.571291 23 17 22.4309 -05 46 57.366
2020 11 13.571869 23 17 22.4288 -05 46 57.434
2020 11 13.572448 23 17 22.4285 -05 46 57.419
2020 11 13.573015 23 17 22.4248 -05 46 57.413
2020 11 13.573594 23 17 22.4231 -05 46 57.488
2020 11 13.574172 23 17 22.4234 -05 46 57.446
2020 11 13.575330 23 17 22.4204 -05 46 57.460
2020 11 13.575909 23 17 22.4222 -05 46 57.437
2020 11 13.576487 23 17 22.4182 -05 46 57.472
2020 11 13.577066 23 17 22.4200 -05 46 57.473
2020 11 13.578223 23 17 22.4178 -05 46 57.495
2020 11 13.578802 23 17 22.4152 -05 46 57.496
2020 11 13.579381 23 17 22.4130 -05 46 57.485
2020 11 13.580538 23 17 22.4099 -05 46 57.530
2020 11 13.581696 23 17 22.4067 -05 46 57.523
2020 11 13.582274 23 17 22.4092 -05 46 57.552
2020 11 13.583432 23 17 22.4059 -05 46 57.569
2020 11 13.584010 23 17 22.4017 -05 46 57.536
2020 11 13.585168 23 17 22.4015 -05 46 57.566
2020 11 13.585747 23 17 22.4016 -05 46 57.561
2020 11 13.586904 23 17 22.4003 -05 46 57.558
2020 11 13.587483 23 17 22.3963 -05 46 57.619
2020 11 13.588061 23 17 22.3947 -05 46 57.625
2020 11 13.588628 23 17 22.3943 -05 46 57.607
2020 11 13.589207 23 17 22.3948 -05 46 57.601
2020 11 13.589786 23 17 22.3934 -05 46 57.614
2020 11 13.590365 23 17 22.3876 -05 46 57.651
2020 11 13.590943 23 17 22.3879 -05 46 57.661
2020 11 13.591522 23 17 22.3894 -05 46 57.606
2020 11 13.592101 23 17 22.3868 -05 46 57.655
2020 11 13.592679 23 17 22.3856 -05 46 57.615
2020 11 13.593258 23 17 22.3837 -05 46 57.663
2020 11 13.593837 23 17 22.3832 -05 46 57.681
2020 11 13.594994 23 17 22.3814 -05 46 57.689
2020 11 13.595573 23 17 22.3791 -05 46 57.656
2020 11 13.596730 23 17 22.3742 -05 46 57.713
2020 11 13.597309 23 17 22.3748 -05 46 57.680
2020 11 13.597888 23 17 22.3760 -05 46 57.684
2020 11 13.599045 23 17 22.3731 -05 46 57.698
2020 11 13.600203 23 17 22.3706 -05 46 57.743
2020 11 13.600781 23 17 22.3698 -05 46 57.721
2020 11 13.601360 23 17 22.3695 -05 46 57.746
2020 11 13.601939 23 17 22.3642 -05 46 57.752
2020 11 13.602506 23 17 22.3653 -05 46 57.746
2020 11 13.603084 23 17 22.3662 -05 46 57.772
2020 11 13.603663 23 17 22.3643 -05 46 57.753
2020 11 13.604821 23 17 22.3614 -05 46 57.779
2020 11 13.605399 23 17 22.3595 -05 46 57.771
2020 11 13.605978 23 17 22.3603 -05 46 57.772
2020 11 13.606557 23 17 22.3589 -05 46 57.793
2020 11 13.607135 23 17 22.3566 -05 46 57.754
2020 11 13.607714 23 17 22.3550 -05 46 57.819
2020 11 13.608293 23 17 22.3547 -05 46 57.810
2020 11 13.608872 23 17 22.3557 -05 46 57.842
2020 11 13.609450 23 17 22.3544 -05 46 57.787
2020 11 13.610029 23 17 22.3528 -05 46 57.830
2020 11 13.610608 23 17 22.3506 -05 46 57.851
2020 11 13.611765 23 17 22.3471 -05 46 57.829
2020 11 13.612344 23 17 22.3480 -05 46 57.869
2020 11 13.612922 23 17 22.3407 -05 46 57.842
2020 11 13.613501 23 17 22.3464 -05 46 57.898
2020 11 13.614080 23 17 22.3441 -05 46 57.904
2020 11 13.614659 23 17 22.3420 -05 46 57.858
2020 11 13.615237 23 17 22.3385 -05 46 57.911
2020 11 13.616395 23 17 22.3392 -05 46 57.883
2020 11 13.616973 23 17 22.3371 -05 46 57.881
2020 11 13.618131 23 17 22.3332 -05 46 57.936
2020 11 13.618698 23 17 22.3329 -05 46 57.943
2020 11 13.619277 23 17 22.3341 -05 46 57.940
2020 11 13.619855 23 17 22.3310 -05 46 57.904
2020 11 13.621013 23 17 22.3293 -05 46 57.947
2020 11 13.621591 23 17 22.3262 -05 46 57.984
2020 11 13.622170 23 17 22.3260 -05 46 57.987
2020 11 13.622749 23 17 22.3273 -05 46 57.915
2020 11 13.623906 23 17 22.3221 -05 46 57.964
2020 11 13.624485 23 17 22.3222 -05 46 57.953
2020 11 14.535932 23 17 20.6064 -05 47  7.350 
2020 11 14.536510 23 17 20.6052 -05 47  7.355 
2020 11 14.537089 23 17 20.6029 -05 47  7.335 
2020 11 14.537668 23 17 20.6036 -05 47  7.360 
2020 11 14.538247 23 17 20.6014 -05 47  7.339 
2020 11 14.538825 23 17 20.5986 -05 47  7.372 
2020 11 14.539404 23 17 20.5995 -05 47  7.377 
2020 11 14.539983 23 17 20.5962 -05 47  7.354 
2020 11 14.540561 23 17 20.5975 -05 47  7.392 
2020 11 14.541140 23 17 20.5978 -05 47  7.419 
2020 11 14.541719 23 17 20.5942 -05 47  7.391 
2020 11 14.542297 23 17 20.5927 -05 47  7.406 
2020 11 14.542876 23 17 20.5923 -05 47  7.410 
2020 11 14.543455 23 17 20.5913 -05 47  7.393 
2020 11 14.544034 23 17 20.5905 -05 47  7.384 
2020 11 14.544612 23 17 20.5906 -05 47  7.462 
2020 11 14.545191 23 17 20.5874 -05 47  7.481 
2020 11 14.545770 23 17 20.5861 -05 47  7.415 
2020 11 14.546337 23 17 20.5883 -05 47  7.401 
2020 11 14.546916 23 17 20.5837 -05 47  7.429 
2020 11 14.547494 23 17 20.5814 -05 47  7.405 
2020 11 14.548073 23 17 20.5830 -05 47  7.517 
2020 11 14.548652 23 17 20.5803 -05 47  7.475 
2020 11 14.549230 23 17 20.5800 -05 47  7.450 
2020 11 14.549809 23 17 20.5783 -05 47  7.513 
2020 11 14.550388 23 17 20.5766 -05 47  7.473 
2020 11 14.550966 23 17 20.5798 -05 47  7.484 
2020 11 14.551545 23 17 20.5744 -05 47  7.484 
2020 11 14.552124 23 17 20.5743 -05 47  7.498 
2020 11 14.552703 23 17 20.5754 -05 47  7.506 
2020 11 14.553281 23 17 20.5735 -05 47  7.538 
2020 11 14.553860 23 17 20.5742 -05 47  7.558 
2020 11 14.554439 23 17 20.5678 -05 47  7.489 
2020 11 14.555017 23 17 20.5691 -05 47  7.545 
2020 11 14.555596 23 17 20.5686 -05 47  7.582 
2020 11 14.556163 23 17 20.5676 -05 47  7.593 
2020 11 14.556742 23 17 20.5656 -05 47  7.549 
2020 11 14.557321 23 17 20.5688 -05 47  7.597 
2020 11 14.557899 23 17 20.5626 -05 47  7.536 
2020 11 14.558478 23 17 20.5656 -05 47  7.590 
2020 11 14.559057 23 17 20.5629 -05 47  7.616 
2020 11 14.560214 23 17 20.5627 -05 47  7.605 
2020 11 14.560793 23 17 20.5578 -05 47  7.576 
2020 11 14.561372 23 17 20.5593 -05 47  7.615 
2020 11 14.561950 23 17 20.5562 -05 47  7.593 
2020 11 14.562529 23 17 20.5572 -05 47  7.583 
2020 11 14.563108 23 17 20.5543 -05 47  7.629 
2020 11 14.564265 23 17 20.5511 -05 47  7.610 
2020 11 14.565422 23 17 20.5483 -05 47  7.609 
2020 11 14.566001 23 17 20.5478 -05 47  7.622 
2020 11 14.567147 23 17 20.5460 -05 47  7.608 
2020 11 14.567726 23 17 20.5455 -05 47  7.612 
2020 11 14.568304 23 17 20.5414 -05 47  7.637 
2020 11 14.568883 23 17 20.5426 -05 47  7.670 
2020 11 14.569462 23 17 20.5384 -05 47  7.618 
2020 11 14.570041 23 17 20.5368 -05 47  7.677 
2020 11 14.570619 23 17 20.5429 -05 47  7.738 
2020 11 14.571198 23 17 20.5401 -05 47  7.665 
2020 11 14.571777 23 17 20.5381 -05 47  7.725 
2020 11 14.572355 23 17 20.5330 -05 47  7.686 
2020 11 14.572934 23 17 20.5338 -05 47  7.737 
2020 11 14.573513 23 17 20.5354 -05 47  7.698 
2020 11 14.574091 23 17 20.5305 -05 47  7.751 
2020 11 14.574670 23 17 20.5337 -05 47  7.737 
2020 11 14.575249 23 17 20.5280 -05 47  7.693 
2020 11 14.575828 23 17 20.5262 -05 47  7.684 
2020 11 14.576406 23 17 20.5295 -05 47  7.765 
2020 11 14.576985 23 17 20.5247 -05 47  7.736 
2020 11 14.577564 23 17 20.5254 -05 47  7.742 
2020 11 14.578142 23 17 20.5241 -05 47  7.754 
2020 11 14.578721 23 17 20.5236 -05 47  7.785 
2020 11 14.579867 23 17 20.5203 -05 47  7.798 
2020 11 14.580446 23 17 20.5206 -05 47  7.805 
2020 11 14.581024 23 17 20.5194 -05 47  7.787 
2020 11 14.581603 23 17 20.5178 -05 47  7.798 
2020 11 14.582182 23 17 20.5145 -05 47  7.815 
2020 11 14.582760 23 17 20.5165 -05 47  7.854 
2020 11 14.583339 23 17 20.5159 -05 47  7.829 
2020 11 14.583918 23 17 20.5127 -05 47  7.806 
2020 11 14.584497 23 17 20.5115 -05 47  7.827 
2020 11 14.585654 23 17 20.5087 -05 47  7.842 
2020 11 14.586811 23 17 20.5073 -05 47  7.855 
2020 11 14.587390 23 17 20.5065 -05 47  7.830 
2020 11 14.587969 23 17 20.5038 -05 47  7.875 
2020 11 14.588547 23 17 20.5029 -05 47  7.905 
2020 11 14.589126 23 17 20.5048 -05 47  7.887 
2020 11 14.589705 23 17 20.5019 -05 47  7.890 
2020 11 14.590284 23 17 20.5009 -05 47  7.894 
2020 11 14.590862 23 17 20.5008 -05 47  7.900 
2020 11 14.591441 23 17 20.4988 -05 47  7.855 
2020 11 14.592008 23 17 20.4970 -05 47  7.899 
2020 11 14.592587 23 17 20.4978 -05 47  7.886 
2020 11 14.593744 23 17 20.4937 -05 47  7.889 
2020 11 14.594323 23 17 20.4933 -05 47  7.918 
2020 11 14.594902 23 17 20.4927 -05 47  7.939 
2020 11 14.595480 23 17 20.4898 -05 47  7.925 
2020 11 14.596059 23 17 20.4920 -05 47  7.957 
2020 11 14.596638 23 17 20.4884 -05 47  7.937 
2020 11 14.597216 23 17 20.4874 -05 47  7.937 
2020 11 14.597795 23 17 20.4868 -05 47  7.982 
2020 11 14.598374 23 17 20.4838 -05 47  7.954 
2020 11 14.598953 23 17 20.4850 -05 47  7.983 
2020 11 14.599531 23 17 20.4837 -05 47  7.992 
2020 11 14.600110 23 17 20.4811 -05 47  7.962 
2020 11 14.600689 23 17 20.4807 -05 47  7.975 
2020 11 14.601846 23 17 20.4770 -05 47  8.042 
2020 11 14.602425 23 17 20.4784 -05 47  8.004 
2020 11 14.603003 23 17 20.4773 -05 47  8.034 
2020 11 14.603582 23 17 20.4754 -05 47  8.022 
2020 11 14.604728 23 17 20.4727 -05 47  8.038 
2020 11 14.605307 23 17 20.4724 -05 47  7.993 
2020 11 14.605885 23 17 20.4720 -05 47  8.043 
2020 11 14.606464 23 17 20.4706 -05 47  8.055 
2020 11 14.607043 23 17 20.4717 -05 47  8.099 
2020 11 14.607622 23 17 20.4678 -05 47  8.064 
2020 11 14.608200 23 17 20.4690 -05 47  8.037 
2020 11 14.608779 23 17 20.4653 -05 47  8.094 
2020 11 14.609358 23 17 20.4638 -05 47  8.054 
2020 11 14.609936 23 17 20.4633 -05 47  8.114 
2020 11 14.610515 23 17 20.4637 -05 47  8.104 
2020 11 14.611094 23 17 20.4623 -05 47  8.111 
2020 11 14.611672 23 17 20.4602 -05 47  8.137 
2020 11 14.612251 23 17 20.4581 -05 47  8.139 
2020 11 14.612830 23 17 20.4581 -05 47  8.098 
2020 11 14.613409 23 17 20.4540 -05 47  8.122 
2020 11 14.613987 23 17 20.4545 -05 47  8.101 
2020 11 14.615145 23 17 20.4549 -05 47  8.150 
2020 11 14.615712 23 17 20.4540 -05 47  8.171 
2020 11 14.616869 23 17 20.4512 -05 47  8.156 
2020 11 14.617448 23 17 20.4468 -05 47  8.146 
2020 11 14.618027 23 17 20.4498 -05 47  8.171 
2020 11 14.618605 23 17 20.4457 -05 47  8.181 
2020 11 14.619184 23 17 20.4472 -05 47  8.192 
2020 11 14.619763 23 17 20.4473 -05 47  8.213 
2020 11 14.620341 23 17 20.4449 -05 47  8.246 
2020 11 14.621499 23 17 20.4415 -05 47  8.221 
2020 11 14.622078 23 17 20.4414 -05 47  8.270 
2020 11 14.623235 23 17 20.4382 -05 47  8.229 
2020 11 14.623814 23 17 20.4389 -05 47  8.261 
2020 11 14.624392 23 17 20.4351 -05 47  8.271 
2020 11 14.624971 23 17 20.4337 -05 47  8.283 
2020 11 14.625550 23 17 20.4358 -05 47  8.265 
2020 11 15.490145 23 17 18.9166 -05 47 16.554 
2020 11 15.493617 23 17 18.9086 -05 47 16.573 
2020 11 15.494196 23 17 18.9083 -05 47 16.562 
2020 11 15.494774 23 17 18.9068 -05 47 16.600 
2020 11 15.495353 23 17 18.9040 -05 47 16.596 
2020 11 15.496510 23 17 18.9030 -05 47 16.574 
2020 11 15.498247 23 17 18.8999 -05 47 16.634 
2020 11 15.498825 23 17 18.8989 -05 47 16.617 
2020 11 15.499404 23 17 18.8960 -05 47 16.639 
2020 11 15.499983 23 17 18.8970 -05 47 16.663 
2020 11 15.500550 23 17 18.8961 -05 47 16.599 
2020 11 15.501128 23 17 18.8963 -05 47 16.617 
2020 11 15.502286 23 17 18.8915 -05 47 16.650 
2020 11 15.502865 23 17 18.8919 -05 47 16.666 
2020 11 15.503443 23 17 18.8894 -05 47 16.645 
2020 11 15.504601 23 17 18.8882 -05 47 16.673 
2020 11 15.505179 23 17 18.8848 -05 47 16.698 
2020 11 15.505758 23 17 18.8866 -05 47 16.654 
2020 11 15.506337 23 17 18.8839 -05 47 16.668 
2020 11 15.506916 23 17 18.8831 -05 47 16.686 
2020 11 15.507494 23 17 18.8843 -05 47 16.666 
2020 11 15.508073 23 17 18.8805 -05 47 16.708 
2020 11 15.508652 23 17 18.8828 -05 47 16.722 
2020 11 15.509230 23 17 18.8797 -05 47 16.735 
2020 11 15.509809 23 17 18.8806 -05 47 16.712 
2020 11 15.510388 23 17 18.8757 -05 47 16.733 
2020 11 15.510966 23 17 18.8762 -05 47 16.694 
2020 11 15.511545 23 17 18.8741 -05 47 16.733 
2020 11 15.512703 23 17 18.8741 -05 47 16.741 
2020 11 15.513281 23 17 18.8727 -05 47 16.729 
2020 11 15.513860 23 17 18.8717 -05 47 16.712 
2020 11 15.514439 23 17 18.8693 -05 47 16.717 
2020 11 15.516163 23 17 18.8677 -05 47 16.797 
2020 11 15.516742 23 17 18.8673 -05 47 16.817 
2020 11 15.517321 23 17 18.8693 -05 47 16.816 
2020 11 15.518478 23 17 18.8632 -05 47 16.778 
2020 11 15.519057 23 17 18.8634 -05 47 16.785 
2020 11 15.519635 23 17 18.8606 -05 47 16.730 
2020 11 15.520214 23 17 18.8618 -05 47 16.850 
2020 11 15.521372 23 17 18.8589 -05 47 16.772 
2020 11 15.521950 23 17 18.8581 -05 47 16.803 
2020 11 15.522529 23 17 18.8573 -05 47 16.824 
2020 11 15.523686 23 17 18.8536 -05 47 16.869 
2020 11 15.524265 23 17 18.8553 -05 47 16.863 
2020 11 15.524844 23 17 18.8532 -05 47 16.808 
2020 11 15.525422 23 17 18.8477 -05 47 16.841 
2020 11 15.526001 23 17 18.8507 -05 47 16.875 
2020 11 15.526580 23 17 18.8496 -05 47 16.850 
2020 11 15.527147 23 17 18.8458 -05 47 16.878 
2020 11 15.527726 23 17 18.8495 -05 47 16.916 
2020 11 15.528304 23 17 18.8466 -05 47 16.900 
2020 11 15.528883 23 17 18.8460 -05 47 16.887 
2020 11 15.529462 23 17 18.8434 -05 47 16.875 
2020 11 15.532934 23 17 18.8395 -05 47 16.934 
2020 11 15.533513 23 17 18.8364 -05 47 16.933 
2020 11 15.534091 23 17 18.8385 -05 47 16.921 
2020 11 15.534670 23 17 18.8342 -05 47 16.895 
2020 11 15.535249 23 17 18.8295 -05 47 16.894 
2020 11 15.535828 23 17 18.8295 -05 47 16.964 
2020 11 15.536406 23 17 18.8325 -05 47 16.888 
2020 11 15.536985 23 17 18.8300 -05 47 16.989 
2020 11 15.538131 23 17 18.8275 -05 47 16.952 
2020 11 15.538709 23 17 18.8237 -05 47 16.933 
2020 11 15.539288 23 17 18.8253 -05 47 16.944 
2020 11 15.540446 23 17 18.8229 -05 47 17.016 
2020 11 15.541024 23 17 18.8226 -05 47 17.009 
2020 11 15.583756 23 17 18.7464 -05 47 17.369 
2020 11 15.584334 23 17 18.7448 -05 47 17.365 
2020 11 15.588385 23 17 18.7368 -05 47 17.396 
2020 11 15.589543 23 17 18.7330 -05 47 17.458 
2020 11 15.591279 23 17 18.7280 -05 47 17.409 
2020 11 15.591858 23 17 18.7289 -05 47 17.452 
2020 11 16.489554 23 17 17.2529 -05 47 25.308
2020 11 16.491291 23 17 17.2508 -05 47 25.250
2020 11 16.491869 23 17 17.2502 -05 47 25.269
2020 11 16.492448 23 17 17.2468 -05 47 25.258
2020 11 16.493027 23 17 17.2484 -05 47 25.286
2020 11 16.494184 23 17 17.2489 -05 47 25.318
2020 11 16.494763 23 17 17.2425 -05 47 25.256
2020 11 16.495341 23 17 17.2448 -05 47 25.319
2020 11 16.495920 23 17 17.2448 -05 47 25.319
2020 11 16.496499 23 17 17.2403 -05 47 25.251
2020 11 16.497078 23 17 17.2395 -05 47 25.319
2020 11 16.497656 23 17 17.2433 -05 47 25.276
2020 11 16.498235 23 17 17.2383 -05 47 25.302
2020 11 16.499971 23 17 17.2357 -05 47 25.319
2020 11 16.501128 23 17 17.2332 -05 47 25.398
2020 11 16.501696 23 17 17.2326 -05 47 25.391
2020 11 16.502274 23 17 17.2335 -05 47 25.405
2020 11 16.502853 23 17 17.2310 -05 47 25.360
2020 11 16.504589 23 17 17.2267 -05 47 25.422
2020 11 16.505168 23 17 17.2252 -05 47 25.355
2020 11 16.505747 23 17 17.2304 -05 47 25.373
2020 11 16.506325 23 17 17.2269 -05 47 25.388
2020 11 16.530041 23 17 17.1850 -05 47 25.655
2020 11 16.530619 23 17 17.1818 -05 47 25.638
2020 11 16.531198 23 17 17.1814 -05 47 25.626
2020 11 16.531777 23 17 17.1817 -05 47 25.577
2020 11 16.532355 23 17 17.1811 -05 47 25.600
2020 11 16.533513 23 17 17.1773 -05 47 25.600
2020 11 16.534670 23 17 17.1776 -05 47 25.616
2020 11 16.535249 23 17 17.1790 -05 47 25.628
2020 11 16.535816 23 17 17.1754 -05 47 25.685
2020 11 16.536395 23 17 17.1774 -05 47 25.658
2020 11 16.536973 23 17 17.1705 -05 47 25.701
2020 11 16.537552 23 17 17.1727 -05 47 25.607
2020 11 16.538131 23 17 17.1718 -05 47 25.645
2020 11 16.539288 23 17 17.1691 -05 47 25.652
2020 11 16.539867 23 17 17.1693 -05 47 25.688
2020 11 16.540446 23 17 17.1704 -05 47 25.683
2020 11 16.541024 23 17 17.1686 -05 47 25.689
2020 11 16.541603 23 17 17.1663 -05 47 25.637
2020 11 16.542760 23 17 17.1618 -05 47 25.702
2020 11 16.543339 23 17 17.1683 -05 47 25.680
2020 11 16.544497 23 17 17.1620 -05 47 25.784
2020 11 16.545075 23 17 17.1650 -05 47 25.714
2020 11 16.545654 23 17 17.1557 -05 47 25.716
2020 11 16.547390 23 17 17.1606 -05 47 25.730
2020 11 16.547969 23 17 17.1496 -05 47 25.734
2020 11 16.548547 23 17 17.1527 -05 47 25.812
2020 11 16.549693 23 17 17.1516 -05 47 25.752
2020 11 16.550851 23 17 17.1489 -05 47 25.743
2020 11 16.551429 23 17 17.1477 -05 47 25.768
2020 11 16.552008 23 17 17.1464 -05 47 25.805
2020 11 16.558374 23 17 17.1367 -05 47 25.851
2020 11 16.558953 23 17 17.1361 -05 47 25.844
2020 11 16.560110 23 17 17.1283 -05 47 25.815
2020 11 16.560689 23 17 17.1374 -05 47 25.851
2020 11 16.561267 23 17 17.1301 -05 47 25.842
2020 11 16.561834 23 17 17.1317 -05 47 25.863
2020 11 16.562413 23 17 17.1332 -05 47 25.874
2020 11 16.562992 23 17 17.1281 -05 47 25.894
2020 11 16.563571 23 17 17.1303 -05 47 25.865
2020 11 16.564149 23 17 17.1296 -05 47 25.828
2020 11 16.564728 23 17 17.1264 -05 47 25.956
2020 11 16.565307 23 17 17.1255 -05 47 25.845
2020 11 16.565885 23 17 17.1260 -05 47 25.886
2020 11 16.567043 23 17 17.1191 -05 47 25.938
2020 11 16.567622 23 17 17.1184 -05 47 25.946
2020 11 16.568200 23 17 17.1223 -05 47 25.927
2020 11 16.569358 23 17 17.1183 -05 47 25.930
2020 11 16.569936 23 17 17.1195 -05 47 25.926
2020 11 16.570515 23 17 17.1177 -05 47 25.929
2020 11 16.571094 23 17 17.1155 -05 47 25.923
2020 11 16.571672 23 17 17.1096 -05 47 25.933
2020 11 16.572818 23 17 17.1127 -05 47 25.950
2020 11 16.578027 23 17 17.0997 -05 47 25.992
2020 11 16.578605 23 17 17.0976 -05 47 26.052
2020 11 16.579184 23 17 17.0975 -05 47 25.970
2020 11 16.586696 23 17 17.0887 -05 47 26.041
2020 11 16.587274 23 17 17.0867 -05 47 26.047
2020 11 16.588432 23 17 17.0885 -05 47 26.085
2020 11 16.589010 23 17 17.0889 -05 47 26.089
2020 11 16.589589 23 17 17.0842 -05 47 26.106
2020 11 16.590747 23 17 17.0811 -05 47 26.088
2020 11 16.593640 23 17 17.0771 -05 47 26.181
2020 11 16.597679 23 17 17.0706 -05 47 26.123
2020 11 16.598258 23 17 17.0730 -05 47 26.107
2020 11 16.598837 23 17 17.0682 -05 47 26.177
2020 11 16.599416 23 17 17.0663 -05 47 26.203
2020 11 16.599994 23 17 17.0689 -05 47 26.169
2020 11 16.600573 23 17 17.0660 -05 47 26.218
2020 11 16.601730 23 17 17.0634 -05 47 26.228
2020 11 16.602309 23 17 17.0627 -05 47 26.189
2020 11 16.602888 23 17 17.0637 -05 47 26.159
2020 11 16.603466 23 17 17.0597 -05 47 26.203
2020 11 16.604045 23 17 17.0622 -05 47 26.184
2020 11 16.606939 23 17 17.0546 -05 47 26.266
2020 11 16.607517 23 17 17.0538 -05 47 26.232
2020 11 16.608096 23 17 17.0558 -05 47 26.240
2020 11 16.609253 23 17 17.0521 -05 47 26.267
2020 11 16.610399 23 17 17.0500 -05 47 26.270
2020 11 16.611557 23 17 17.0498 -05 47 26.271
2020 11 16.621973 23 17 17.0265 -05 47 26.387
2020 11 16.623131 23 17 17.0298 -05 47 26.357
2020 11 16.623709 23 17 17.0272 -05 47 26.400
2020 11 17.505029 23 17 15.6886 -05 47 33.432 
2020 11 17.505608 23 17 15.6892 -05 47 33.424 
2020 11 17.506186 23 17 15.6881 -05 47 33.373 
2020 11 17.506765 23 17 15.6884 -05 47 33.368 
2020 11 17.507344 23 17 15.6871 -05 47 33.430 
2020 11 17.507922 23 17 15.6869 -05 47 33.395 
2020 11 17.508501 23 17 15.6866 -05 47 33.414 
2020 11 17.509080 23 17 15.6871 -05 47 33.380 
2020 11 17.509659 23 17 15.6831 -05 47 33.398 
2020 11 17.510237 23 17 15.6818 -05 47 33.415 
2020 11 17.510816 23 17 15.6830 -05 47 33.428 
2020 11 17.511395 23 17 15.6805 -05 47 33.431 
2020 11 17.511973 23 17 15.6795 -05 47 33.410 
2020 11 17.512552 23 17 15.6778 -05 47 33.422 
2020 11 17.513131 23 17 15.6758 -05 47 33.438 
2020 11 17.513709 23 17 15.6754 -05 47 33.465 
2020 11 17.514277 23 17 15.6753 -05 47 33.437 
2020 11 17.514855 23 17 15.6746 -05 47 33.438 
2020 11 17.515434 23 17 15.6739 -05 47 33.459 
2020 11 17.516013 23 17 15.6717 -05 47 33.455 
2020 11 17.517170 23 17 15.6724 -05 47 33.485 
2020 11 17.517749 23 17 15.6709 -05 47 33.495 
2020 11 17.518328 23 17 15.6681 -05 47 33.525 
2020 11 17.518906 23 17 15.6666 -05 47 33.499 
2020 11 17.520064 23 17 15.6643 -05 47 33.507 
2020 11 17.520642 23 17 15.6650 -05 47 33.499 
2020 11 17.521221 23 17 15.6652 -05 47 33.529 
2020 11 17.521800 23 17 15.6639 -05 47 33.476 
2020 11 17.523536 23 17 15.6604 -05 47 33.483 
2020 11 17.524115 23 17 15.6616 -05 47 33.495 
2020 11 17.524693 23 17 15.6576 -05 47 33.528 
2020 11 17.525272 23 17 15.6567 -05 47 33.558 
2020 11 17.525851 23 17 15.6577 -05 47 33.536 
2020 11 17.527008 23 17 15.6560 -05 47 33.518 
2020 11 17.527575 23 17 15.6544 -05 47 33.526 
2020 11 17.528154 23 17 15.6526 -05 47 33.565 
2020 11 17.528733 23 17 15.6527 -05 47 33.527 
2020 11 17.529890 23 17 15.6495 -05 47 33.580 
2020 11 17.530469 23 17 15.6491 -05 47 33.554 
2020 11 17.531047 23 17 15.6503 -05 47 33.629 
2020 11 17.531626 23 17 15.6470 -05 47 33.555 
2020 11 17.532205 23 17 15.6476 -05 47 33.519 
2020 11 17.532784 23 17 15.6468 -05 47 33.614 
2020 11 17.533362 23 17 15.6455 -05 47 33.605 
2020 11 17.535098 23 17 15.6435 -05 47 33.582 
2020 11 17.535677 23 17 15.6431 -05 47 33.629 
2020 11 17.536256 23 17 15.6404 -05 47 33.666 
2020 11 17.536834 23 17 15.6406 -05 47 33.596 
2020 11 17.537413 23 17 15.6375 -05 47 33.628 
2020 11 17.538571 23 17 15.6363 -05 47 33.661 
2020 11 17.539149 23 17 15.6380 -05 47 33.677 
2020 11 17.539728 23 17 15.6334 -05 47 33.642 
2020 11 17.540307 23 17 15.6368 -05 47 33.671 
2020 11 17.540885 23 17 15.6348 -05 47 33.670 
2020 11 17.542043 23 17 15.6326 -05 47 33.672 
2020 11 17.542610 23 17 15.6320 -05 47 33.632 
2020 11 17.543189 23 17 15.6282 -05 47 33.668 
2020 11 17.543767 23 17 15.6280 -05 47 33.711 
2020 11 17.544925 23 17 15.6277 -05 47 33.707 
2020 11 17.546082 23 17 15.6264 -05 47 33.675 
2020 11 17.547240 23 17 15.6237 -05 47 33.674 
2020 11 17.547818 23 17 15.6219 -05 47 33.714 
2020 11 17.548397 23 17 15.6223 -05 47 33.736 
2020 11 17.549554 23 17 15.6200 -05 47 33.738 
2020 11 17.550133 23 17 15.6196 -05 47 33.669 
2020 11 17.550712 23 17 15.6199 -05 47 33.678 
2020 11 17.551291 23 17 15.6189 -05 47 33.737 
2020 11 17.551869 23 17 15.6172 -05 47 33.714 
2020 11 17.553027 23 17 15.6172 -05 47 33.732 
2020 11 17.553605 23 17 15.6149 -05 47 33.759 
2020 11 17.554184 23 17 15.6140 -05 47 33.743 
2020 11 17.555341 23 17 15.6113 -05 47 33.746 
2020 11 17.556499 23 17 15.6089 -05 47 33.716 
2020 11 17.557645 23 17 15.6073 -05 47 33.796 
2020 11 17.558223 23 17 15.6059 -05 47 33.754 
2020 11 17.558802 23 17 15.6043 -05 47 33.726 
2020 11 17.559381 23 17 15.6043 -05 47 33.809 
2020 11 17.559959 23 17 15.6026 -05 47 33.785 
2020 11 17.560538 23 17 15.6035 -05 47 33.831 
2020 11 17.561117 23 17 15.6016 -05 47 33.775 
2020 11 17.561696 23 17 15.5999 -05 47 33.815 
2020 11 17.562274 23 17 15.6004 -05 47 33.813 
2020 11 17.562853 23 17 15.5995 -05 47 33.805 
2020 11 17.563432 23 17 15.5988 -05 47 33.834 
2020 11 17.564010 23 17 15.5972 -05 47 33.821 
2020 11 17.564589 23 17 15.5960 -05 47 33.840 
2020 11 17.565168 23 17 15.5968 -05 47 33.829 
2020 11 17.565747 23 17 15.5952 -05 47 33.825 
2020 11 17.566325 23 17 15.5932 -05 47 33.834 
2020 11 17.566904 23 17 15.5952 -05 47 33.869 
2020 11 17.567483 23 17 15.5928 -05 47 33.854 
2020 11 17.568061 23 17 15.5917 -05 47 33.873 
2020 11 17.568640 23 17 15.5876 -05 47 33.820 
2020 11 17.569219 23 17 15.5888 -05 47 33.832 
2020 11 17.569786 23 17 15.5889 -05 47 33.898 
2020 11 17.570365 23 17 15.5891 -05 47 33.883 
2020 11 17.570943 23 17 15.5869 -05 47 33.850 
2020 11 17.571522 23 17 15.5854 -05 47 33.842 
2020 11 17.572679 23 17 15.5858 -05 47 33.861 
2020 11 17.573258 23 17 15.5826 -05 47 33.876 
2020 11 17.573837 23 17 15.5818 -05 47 33.909 
2020 11 17.574416 23 17 15.5802 -05 47 33.893 
2020 11 17.574994 23 17 15.5805 -05 47 33.919 
2020 11 17.575573 23 17 15.5795 -05 47 33.897 
2020 11 17.576152 23 17 15.5804 -05 47 33.846 
2020 11 17.576730 23 17 15.5760 -05 47 33.912 
2020 11 17.578466 23 17 15.5742 -05 47 33.930 
2020 11 17.579045 23 17 15.5745 -05 47 33.951 
2020 11 17.579624 23 17 15.5743 -05 47 33.928 
2020 11 17.580781 23 17 15.5728 -05 47 33.924 
2020 11 17.581360 23 17 15.5706 -05 47 33.929 
2020 11 17.581939 23 17 15.5712 -05 47 33.911 
2020 11 17.583663 23 17 15.5652 -05 47 33.967 
2020 11 17.584242 23 17 15.5654 -05 47 33.966 
2020 11 17.584821 23 17 15.5646 -05 47 33.935 
2020 11 17.585399 23 17 15.5634 -05 47 34.015 
2020 11 17.585978 23 17 15.5627 -05 47 33.991 
2020 11 17.586557 23 17 15.5614 -05 47 33.986 
2020 11 17.587135 23 17 15.5610 -05 47 33.996 
2020 11 17.587714 23 17 15.5600 -05 47 33.967 
2020 11 17.588872 23 17 15.5589 -05 47 34.015 
2020 11 17.590029 23 17 15.5580 -05 47 33.997 
2020 11 17.590608 23 17 15.5562 -05 47 34.034 
2020 11 17.591186 23 17 15.5538 -05 47 34.032 
2020 11 17.591765 23 17 15.5531 -05 47 34.021 
2020 11 17.592344 23 17 15.5525 -05 47 34.041 
2020 11 17.593501 23 17 15.5521 -05 47 34.037 
2020 11 17.594878 23 17 15.5489 -05 47 34.031 
2020 11 17.595457 23 17 15.5485 -05 47 34.048 
2020 11 17.596036 23 17 15.5459 -05 47 34.077 
2020 11 17.597193 23 17 15.5477 -05 47 34.066 
2020 11 17.597772 23 17 15.5450 -05 47 34.081 
2020 11 17.598351 23 17 15.5447 -05 47 34.096 
2020 11 17.599508 23 17 15.5424 -05 47 34.074 
2020 11 17.600087 23 17 15.5411 -05 47 34.094 
2020 11 17.600666 23 17 15.5394 -05 47 34.110 
2020 11 17.601823 23 17 15.5382 -05 47 34.130 
2020 11 17.602402 23 17 15.5370 -05 47 34.129 
2020 11 17.602980 23 17 15.5371 -05 47 34.069 
2020 11 17.603559 23 17 15.5368 -05 47 34.112 
2020 11 17.604716 23 17 15.5349 -05 47 34.095 
2020 11 17.605295 23 17 15.5332 -05 47 34.127 
2020 11 17.605874 23 17 15.5336 -05 47 34.138 
2020 11 17.607020 23 17 15.5311 -05 47 34.178 
2020 11 17.607598 23 17 15.5299 -05 47 34.157 
2020 11 17.608756 23 17 15.5292 -05 47 34.128 
2020 11 17.609334 23 17 15.5260 -05 47 34.118 
2020 11 17.610492 23 17 15.5262 -05 47 34.150 
2020 11 17.611071 23 17 15.5261 -05 47 34.181 
2020 11 17.612228 23 17 15.5220 -05 47 34.210
2020 11 18.509196 23 17 14.2712 -05 47 40.616 
2020 11 18.509774 23 17 14.2677 -05 47 40.591
2020 11 18.510932 23 17 14.2666 -05 47 40.611
2020 11 18.512078 23 17 14.2625 -05 47 40.625
2020 11 18.513235 23 17 14.2635 -05 47 40.622
2020 11 18.513814 23 17 14.2622 -05 47 40.656
2020 11 18.514392 23 17 14.2625 -05 47 40.673
2020 11 18.514971 23 17 14.2618 -05 47 40.674
2020 11 18.515550 23 17 14.2605 -05 47 40.674
2020 11 18.516128 23 17 14.2568 -05 47 40.705
2020 11 18.516707 23 17 14.2579 -05 47 40.697
2020 11 18.517286 23 17 14.2605 -05 47 40.683
2020 11 18.517865 23 17 14.2552 -05 47 40.672
2020 11 18.518443 23 17 14.2557 -05 47 40.690
2020 11 18.519022 23 17 14.2569 -05 47 40.707
2020 11 18.519601 23 17 14.2549 -05 47 40.720
2020 11 18.520179 23 17 14.2554 -05 47 40.711
2020 11 18.520758 23 17 14.2525 -05 47 40.709
2020 11 18.521337 23 17 14.2506 -05 47 40.729
2020 11 18.521916 23 17 14.2512 -05 47 40.683
2020 11 18.522494 23 17 14.2513 -05 47 40.703
2020 11 18.523073 23 17 14.2499 -05 47 40.674
2020 11 18.524230 23 17 14.2474 -05 47 40.697
2020 11 18.524809 23 17 14.2484 -05 47 40.700
2020 11 18.525388 23 17 14.2462 -05 47 40.741
2020 11 18.525955 23 17 14.2451 -05 47 40.712
2020 11 18.526534 23 17 14.2443 -05 47 40.738
2020 11 18.527112 23 17 14.2421 -05 47 40.754
2020 11 18.527691 23 17 14.2418 -05 47 40.753
2020 11 18.528270 23 17 14.2415 -05 47 40.742
2020 11 18.528848 23 17 14.2413 -05 47 40.753
2020 11 18.529427 23 17 14.2396 -05 47 40.747
2020 11 18.530006 23 17 14.2399 -05 47 40.766
2020 11 18.530584 23 17 14.2374 -05 47 40.780
2020 11 18.531163 23 17 14.2378 -05 47 40.788
2020 11 18.531742 23 17 14.2366 -05 47 40.765
2020 11 18.532321 23 17 14.2359 -05 47 40.773
2020 11 18.533478 23 17 14.2347 -05 47 40.790
2020 11 18.535214 23 17 14.2308 -05 47 40.764
2020 11 18.535793 23 17 14.2310 -05 47 40.809
2020 11 18.536372 23 17 14.2290 -05 47 40.796
2020 11 18.536939 23 17 14.2282 -05 47 40.827
2020 11 18.537517 23 17 14.2261 -05 47 40.830
2020 11 18.538096 23 17 14.2280 -05 47 40.811
2020 11 18.538675 23 17 14.2253 -05 47 40.821
2020 11 18.539253 23 17 14.2253 -05 47 40.818
2020 11 18.539832 23 17 14.2250 -05 47 40.820
2020 11 18.540411 23 17 14.2247 -05 47 40.829
2020 11 18.540990 23 17 14.2242 -05 47 40.836
2020 11 18.541568 23 17 14.2230 -05 47 40.864
2020 11 18.542147 23 17 14.2215 -05 47 40.851
2020 11 18.542726 23 17 14.2194 -05 47 40.862
2020 11 18.543304 23 17 14.2177 -05 47 40.850
2020 11 18.543883 23 17 14.2180 -05 47 40.869
2020 11 18.544462 23 17 14.2171 -05 47 40.838
2020 11 18.545041 23 17 14.2182 -05 47 40.866
2020 11 18.545619 23 17 14.2152 -05 47 40.858
2020 11 18.546198 23 17 14.2155 -05 47 40.844
2020 11 18.546777 23 17 14.2126 -05 47 40.853
2020 11 18.547355 23 17 14.2131 -05 47 40.899
2020 11 18.548513 23 17 14.2102 -05 47 40.858
2020 11 18.549091 23 17 14.2125 -05 47 40.855
2020 11 18.549670 23 17 14.2093 -05 47 40.918
2020 11 18.550249 23 17 14.2091 -05 47 40.879
2020 11 18.550828 23 17 14.2112 -05 47 40.915
2020 11 18.551406 23 17 14.2092 -05 47 40.902
2020 11 18.551985 23 17 14.2065 -05 47 40.876
2020 11 18.552564 23 17 14.2046 -05 47 40.925
2020 11 18.553142 23 17 14.2056 -05 47 40.948
2020 11 18.553721 23 17 14.2065 -05 47 40.916
2020 11 18.554300 23 17 14.2026 -05 47 40.929
2020 11 18.554878 23 17 14.2026 -05 47 40.901
2020 11 18.555457 23 17 14.2038 -05 47 40.933
2020 11 18.556036 23 17 14.2012 -05 47 40.906
2020 11 18.557182 23 17 14.1991 -05 47 40.961
2020 11 18.557760 23 17 14.1981 -05 47 40.940
2020 11 18.558918 23 17 14.1957 -05 47 40.911
2020 11 18.559497 23 17 14.1979 -05 47 40.936
2020 11 18.561811 23 17 14.1909 -05 47 40.975
2020 11 18.562390 23 17 14.1922 -05 47 40.963
2020 11 18.563547 23 17 14.1889 -05 47 41.008
2020 11 18.564126 23 17 14.1877 -05 47 40.988
2020 11 18.564705 23 17 14.1900 -05 47 41.006
2020 11 18.565284 23 17 14.1860 -05 47 40.960
2020 11 18.566441 23 17 14.1873 -05 47 40.989
2020 11 18.567020 23 17 14.1863 -05 47 40.999
2020 11 18.567598 23 17 14.1855 -05 47 41.003
2020 11 18.568177 23 17 14.1856 -05 47 40.983
2020 11 18.569334 23 17 14.1821 -05 47 41.014
2020 11 18.569913 23 17 14.1805 -05 47 40.984
2020 11 18.571071 23 17 14.1810 -05 47 41.008
2020 11 18.572228 23 17 14.1779 -05 47 41.022
2020 11 18.573374 23 17 14.1767 -05 47 41.082
2020 11 18.574531 23 17 14.1766 -05 47 41.045
2020 11 18.575110 23 17 14.1754 -05 47 41.114
2020 11 18.575689 23 17 14.1720 -05 47 41.069
2020 11 18.576267 23 17 14.1714 -05 47 41.061
2020 11 18.576846 23 17 14.1692 -05 47 41.074
2020 11 18.577425 23 17 14.1708 -05 47 41.090
2020 11 18.578003 23 17 14.1702 -05 47 41.104
2020 11 18.578582 23 17 14.1690 -05 47 41.082
2020 11 18.579740 23 17 14.1698 -05 47 41.112
2020 11 18.580897 23 17 14.1659 -05 47 41.089
2020 11 18.581476 23 17 14.1646 -05 47 41.111
2020 11 18.582633 23 17 14.1628 -05 47 41.094
2020 11 18.583212 23 17 14.1624 -05 47 41.096
2021 11 25.543015 23 25 27.8722 -04 58 40.396     
2021 11 25.543293 23 25 27.8720 -04 58 40.425     
2021 11 25.571493 23 25 27.8466 -04 58 40.515     
2021 11 25.572396 23 25 27.8470 -04 58 40.544     
2021 11 25.572731 23 25 27.8472 -04 58 40.531     
2021 11 25.573079 23 25 27.8457 -04 58 40.540     
2021 11 25.573414 23 25 27.8461 -04 58 40.493     
2021 11 25.573762 23 25 27.8451 -04 58 40.519     
2021 11 25.574109 23 25 27.8458 -04 58 40.522     
2021 11 25.574444 23 25 27.8445 -04 58 40.520     
2021 11 25.574792 23 25 27.8442 -04 58 40.539     
2021 11 25.575127 23 25 27.8432 -04 58 40.518     
2021 11 25.575475 23 25 27.8430 -04 58 40.538     
2021 11 25.575822 23 25 27.8426 -04 58 40.519     
2021 11 25.576157 23 25 27.8431 -04 58 40.551     
2021 11 25.576505 23 25 27.8421 -04 58 40.571     
2021 11 25.576840 23 25 27.8416 -04 58 40.568     
2021 11 25.577188 23 25 27.8421 -04 58 40.511     
2021 11 25.577535 23 25 27.8407 -04 58 40.549     
2021 11 25.577870 23 25 27.8418 -04 58 40.570     
2021 11 25.578218 23 25 27.8418 -04 58 40.551     
2021 11 25.578553 23 25 27.8412 -04 58 40.540     
2021 11 25.578900 23 25 27.8400 -04 58 40.577     
2021 11 25.579248 23 25 27.8400 -04 58 40.552     
2021 11 25.579583 23 25 27.8398 -04 58 40.549     
2021 11 25.579931 23 25 27.8385 -04 58 40.530     
2021 11 25.580278 23 25 27.8400 -04 58 40.522     
2021 11 25.580613 23 25 27.8386 -04 58 40.533     
2021 11 25.580961 23 25 27.8386 -04 58 40.533     
2021 11 25.581296 23 25 27.8373 -04 58 40.529     
2021 11 25.581644 23 25 27.8372 -04 58 40.552     
2021 11 25.581991 23 25 27.8381 -04 58 40.540     
2021 11 25.582326 23 25 27.8378 -04 58 40.567     
2021 11 25.582674 23 25 27.8368 -04 58 40.562     
2021 11 25.583009 23 25 27.8369 -04 58 40.551     
2021 11 25.583356 23 25 27.8368 -04 58 40.552     
2021 11 25.583692 23 25 27.8355 -04 58 40.539     
2021 11 25.584039 23 25 27.8339 -04 58 40.552     
2021 11 25.584387 23 25 27.8354 -04 58 40.578     
2021 11 25.584722 23 25 27.8351 -04 58 40.569     
2021 11 25.585069 23 25 27.8348 -04 58 40.551     
2021 11 25.585405 23 25 27.8333 -04 58 40.575     
2021 11 25.585752 23 25 27.8336 -04 58 40.568     
2021 11 25.586100 23 25 27.8336 -04 58 40.573     
2021 11 25.586435 23 25 27.8332 -04 58 40.555     
2021 11 25.586782 23 25 27.8335 -04 58 40.547     
2021 11 25.587118 23 25 27.8336 -04 58 40.576     
2021 11 25.587465 23 25 27.8335 -04 58 40.577     
2021 11 25.587812 23 25 27.8320 -04 58 40.587     
2021 11 25.588148 23 25 27.8325 -04 58 40.561     
2021 11 25.588495 23 25 27.8322 -04 58 40.528     
2021 11 25.588831 23 25 27.8319 -04 58 40.607     
2021 11 25.589178 23 25 27.8310 -04 58 40.601     
2021 11 25.589525 23 25 27.8304 -04 58 40.578     
2021 11 25.589861 23 25 27.8293 -04 58 40.588     
2021 11 25.590544 23 25 27.8307 -04 58 40.613     
2021 11 25.590891 23 25 27.8305 -04 58 40.584     
2021 11 25.591238 23 25 27.8286 -04 58 40.580     
2021 11 25.591574 23 25 27.8285 -04 58 40.573     
2021 11 25.591921 23 25 27.8303 -04 58 40.557     
2021 11 25.592257 23 25 27.8285 -04 58 40.577     
2021 11 25.592604 23 25 27.8280 -04 58 40.605     
2021 11 25.592951 23 25 27.8285 -04 58 40.598     
2021 11 25.593287 23 25 27.8268 -04 58 40.597     
2021 11 25.593634 23 25 27.8265 -04 58 40.629     
2021 11 25.593970 23 25 27.8270 -04 58 40.552     
2021 11 25.594317 23 25 27.8269 -04 58 40.605     
2021 11 25.594664 23 25 27.8266 -04 58 40.575     
2021 11 25.595000 23 25 27.8247 -04 58 40.603     
2021 11 25.595347 23 25 27.8261 -04 58 40.620     
2021 11 25.595683 23 25 27.8258 -04 58 40.586     
2021 11 25.596030 23 25 27.8254 -04 58 40.616     
2021 11 25.596377 23 25 27.8243 -04 58 40.617     
2021 11 25.596713 23 25 27.8259 -04 58 40.595     
2021 11 25.597060 23 25 27.8248 -04 58 40.577     
2021 11 25.597396 23 25 27.8238 -04 58 40.575     
2021 11 25.598090 23 25 27.8236 -04 58 40.598     
2021 11 25.598426 23 25 27.8227 -04 58 40.593     
2021 11 25.598773 23 25 27.8238 -04 58 40.607     
2021 11 25.599109 23 25 27.8226 -04 58 40.589     
2021 11 25.599456 23 25 27.8224 -04 58 40.612     
2021 11 25.599803 23 25 27.8232 -04 58 40.613     
2021 11 25.642546 23 25 27.7856 -04 58 40.708     
2021 11 25.642882 23 25 27.7856 -04 58 40.709     
2021 11 25.643229 23 25 27.7850 -04 58 40.691     
2021 11 25.643576 23 25 27.7852 -04 58 40.736     
2021 11 25.643924 23 25 27.7854 -04 58 40.707     
2021 11 25.644618 23 25 27.7823 -04 58 40.771     
2021 11 25.644965 23 25 27.7848 -04 58 40.726     
2021 11 25.645301 23 25 27.7840 -04 58 40.728     
2021 11 25.645648 23 25 27.7826 -04 58 40.756     
2021 11 25.645995 23 25 27.7828 -04 58 40.699     
2021 11 25.646343 23 25 27.7816 -04 58 40.750     
2021 11 25.646690 23 25 27.7816 -04 58 40.751     
2021 11 25.647025 23 25 27.7822 -04 58 40.725     
2021 11 25.647373 23 25 27.7825 -04 58 40.747     
2021 11 25.647708 23 25 27.7818 -04 58 40.711     
2021 11 25.649421 23 25 27.7804 -04 58 40.693     
2021 11 25.649769 23 25 27.7797 -04 58 40.733     
2021 11 25.650104 23 25 27.7788 -04 58 40.723     
2021 11 25.650451 23 25 27.7785 -04 58 40.722     
2021 11 25.650799 23 25 27.7792 -04 58 40.764     
2021 11 25.651134 23 25 27.7783 -04 58 40.750     
2021 11 25.651481 23 25 27.7794 -04 58 40.713     
2021 11 25.651817 23 25 27.7781 -04 58 40.718     
2021 11 25.652164 23 25 27.7783 -04 58 40.728     
2021 11 25.652512 23 25 27.7765 -04 58 40.793     
2021 11 25.653194 23 25 27.7760 -04 58 40.749     
2021 11 25.653530 23 25 27.7768 -04 58 40.750     
2021 11 25.654225 23 25 27.7753 -04 58 40.718     
2021 11 25.654560 23 25 27.7746 -04 58 40.766     
2021 11 25.655243 23 25 27.7740 -04 58 40.723     
2021 11 26.582014 23 25 27.1106 -04 58 43.231     
2021 11 26.582396 23 25 27.1100 -04 58 43.214     
2021 11 26.582755 23 25 27.1084 -04 58 43.243     
2021 11 26.585301 23 25 27.1087 -04 58 43.216     
2021 11 26.586343 23 25 27.1074 -04 58 43.197     
2021 11 26.587396 23 25 27.1087 -04 58 43.236     
2021 11 26.588438 23 25 27.1064 -04 58 43.223     
2021 11 26.589491 23 25 27.1041 -04 58 43.259     
2021 11 26.590532 23 25 27.1044 -04 58 43.239     
2021 11 26.591574 23 25 27.1030 -04 58 43.239     
2021 11 26.592627 23 25 27.1029 -04 58 43.253     
2021 11 26.593669 23 25 27.1010 -04 58 43.285     
2021 11 26.594722 23 25 27.0998 -04 58 43.247     
2021 11 26.595764 23 25 27.1006 -04 58 43.266     
2021 11 26.596806 23 25 27.1008 -04 58 43.230     
2021 11 26.597859 23 25 27.0978 -04 58 43.235     
2021 11 26.598900 23 25 27.0976 -04 58 43.287     
2021 11 26.599954 23 25 27.0965 -04 58 43.265     
2021 11 26.600995 23 25 27.0949 -04 58 43.242     
2021 11 26.602037 23 25 27.0941 -04 58 43.261     
2021 11 26.603090 23 25 27.0974 -04 58 43.267     
2021 11 26.604132 23 25 27.0940 -04 58 43.291     
2021 11 26.605185 23 25 27.0932 -04 58 43.277     
2021 11 26.606227 23 25 27.0914 -04 58 43.262     
2021 11 26.607269 23 25 27.0915 -04 58 43.251     
2021 11 26.608322 23 25 27.0905 -04 58 43.311     
2021 11 26.610417 23 25 27.0891 -04 58 43.304     
2021 11 26.611458 23 25 27.0897 -04 58 43.283     
2021 11 26.612512 23 25 27.0872 -04 58 43.303     
2021 11 26.613553 23 25 27.0888 -04 58 43.290     
2021 11 26.614595 23 25 27.0862 -04 58 43.276     
2021 11 26.615648 23 25 27.0848 -04 58 43.333     
2021 11 26.618785 23 25 27.0826 -04 58 43.303     
2021 11 26.619826 23 25 27.0798 -04 58 43.310     
2021 11 26.620880 23 25 27.0794 -04 58 43.299     
2021 11 26.621921 23 25 27.0806 -04 58 43.324     
2021 11 26.622975 23 25 27.0801 -04 58 43.337     
2021 11 26.624016 23 25 27.0803 -04 58 43.344     
2021 11 26.625069 23 25 27.0809 -04 58 43.323     
2021 11 26.626111 23 25 27.0774 -04 58 43.325     
2021 11 26.627153 23 25 27.0772 -04 58 43.377     
2021 11 26.628206 23 25 27.0756 -04 58 43.285     
2021 11 28.573970 23 25 26.0359 -04 58 46.140     
2021 11 28.574259 23 25 26.0350 -04 58 46.112     
2021 11 28.574606 23 25 26.0353 -04 58 46.128     
2021 11 28.575833 23 25 26.0348 -04 58 46.141     
2021 11 28.576528 23 25 26.0337 -04 58 46.126     
2021 11 28.577222 23 25 26.0349 -04 58 46.147     
2021 11 28.577917 23 25 26.0338 -04 58 46.141     
2021 11 28.579132 23 25 26.0332 -04 58 46.148     
2021 11 28.579942 23 25 26.0336 -04 58 46.102     
2021 11 28.580752 23 25 26.0316 -04 58 46.131     
2021 11 28.581563 23 25 26.0333 -04 58 46.126     
2021 11 28.582373 23 25 26.0319 -04 58 46.147     
2021 11 28.583183 23 25 26.0296 -04 58 46.134     
2021 11 28.583993 23 25 26.0304 -04 58 46.138     
2021 11 28.584803 23 25 26.0302 -04 58 46.140     
2021 11 28.585613 23 25 26.0297 -04 58 46.130     
2021 11 28.586424 23 25 26.0296 -04 58 46.160     
2021 11 28.588044 23 25 26.0277 -04 58 46.123     
2021 11 28.588854 23 25 26.0291 -04 58 46.134     
2021 11 28.589664 23 25 26.0308 -04 58 46.108     
2021 11 28.590475 23 25 26.0263 -04 58 46.151     
2021 11 28.591285 23 25 26.0299 -04 58 46.153     
2021 11 28.592095 23 25 26.0268 -04 58 46.165     
2021 11 28.592905 23 25 26.0270 -04 58 46.139     
2021 11 28.593715 23 25 26.0258 -04 58 46.155     
2021 11 28.594525 23 25 26.0253 -04 58 46.158     
2021 11 28.595336 23 25 26.0259 -04 58 46.152     
2021 11 28.596146 23 25 26.0239 -04 58 46.173     
2021 11 28.596956 23 25 26.0252 -04 58 46.170     
2021 11 28.597766 23 25 26.0248 -04 58 46.147     
2021 11 28.598576 23 25 26.0250 -04 58 46.129     
2021 11 28.599387 23 25 26.0227 -04 58 46.141     
2021 11 28.600197 23 25 26.0247 -04 58 46.123     
2021 11 28.601007 23 25 26.0230 -04 58 46.161     
2021 11 28.601817 23 25 26.0222 -04 58 46.178     
2021 11 28.602627 23 25 26.0239 -04 58 46.124     
2021 11 28.603437 23 25 26.0211 -04 58 46.131     
2021 11 28.604248 23 25 26.0224 -04 58 46.143     
2021 11 28.605058 23 25 26.0221 -04 58 46.162     
2021 11 28.605868 23 25 26.0212 -04 58 46.159     
2021 11 28.606678 23 25 26.0219 -04 58 46.123     
2021 11 28.607488 23 25 26.0195 -04 58 46.153     
2021 11 28.608299 23 25 26.0164 -04 58 46.165     
2021 11 28.610729 23 25 26.0169 -04 58 46.124     
2021 11 28.611539 23 25 26.0167 -04 58 46.139     
2021 11 28.612350 23 25 26.0153 -04 58 46.126     
2021 11 28.613160 23 25 26.0158 -04 58 46.183     
2021 11 30.596632 23 25 25.4535 -04 58 45.783     
2021 11 30.596968 23 25 25.4541 -04 58 45.758     
2021 11 30.597315 23 25 25.4570 -04 58 45.740     
2021 11 30.597662 23 25 25.4537 -04 58 45.744     
2021 11 30.597998 23 25 25.4527 -04 58 45.739     
2021 11 30.598345 23 25 25.4554 -04 58 45.710     
2021 11 30.598681 23 25 25.4562 -04 58 45.766     
2021 11 30.599028 23 25 25.4551 -04 58 45.770     
2021 11 30.599375 23 25 25.4543 -04 58 45.767     
2021 11 30.599711 23 25 25.4547 -04 58 45.790     
2021 11 30.600058 23 25 25.4524 -04 58 45.762     
2021 11 30.600394 23 25 25.4543 -04 58 45.746     
2021 11 30.600741 23 25 25.4537 -04 58 45.751     
2021 11 30.601076 23 25 25.4523 -04 58 45.745     
2021 11 30.601424 23 25 25.4541 -04 58 45.725     
2021 11 30.601771 23 25 25.4535 -04 58 45.779     
2021 11 30.602106 23 25 25.4534 -04 58 45.726     
2021 11 30.602454 23 25 25.4514 -04 58 45.742     
2021 11 30.602789 23 25 25.4512 -04 58 45.726     
2021 11 30.603137 23 25 25.4530 -04 58 45.698     
2021 11 30.603472 23 25 25.4535 -04 58 45.737     
2021 11 30.603819 23 25 25.4541 -04 58 45.729     
2021 11 30.604167 23 25 25.4521 -04 58 45.739     
2021 11 30.604502 23 25 25.4531 -04 58 45.728     
2021 11 30.604850 23 25 25.4536 -04 58 45.745     
2021 11 30.605185 23 25 25.4528 -04 58 45.750     
2021 11 30.605532 23 25 25.4542 -04 58 45.745     
2021 11 30.605868 23 25 25.4522 -04 58 45.763     
2021 11 30.606215 23 25 25.4525 -04 58 45.745     
2021 11 30.606562 23 25 25.4533 -04 58 45.773     
2021 11 30.606898 23 25 25.4525 -04 58 45.745     
2021 11 30.607245 23 25 25.4516 -04 58 45.753     
2021 11 30.607581 23 25 25.4501 -04 58 45.737     
2021 11 30.607928 23 25 25.4536 -04 58 45.738     
2021 11 30.608264 23 25 25.4521 -04 58 45.755     
2021 11 30.608611 23 25 25.4519 -04 58 45.724     
2021 11 30.608958 23 25 25.4538 -04 58 45.725     
2021 11 30.609294 23 25 25.4523 -04 58 45.723     
2021 11 30.609641 23 25 25.4499 -04 58 45.753     
2021 11 30.609977 23 25 25.4510 -04 58 45.726     
2021 11 30.610324 23 25 25.4498 -04 58 45.713     
2021 11 30.610671 23 25 25.4508 -04 58 45.711     
2021 11 30.611007 23 25 25.4519 -04 58 45.727     
2021 11 30.611354 23 25 25.4493 -04 58 45.732     
2021 11 30.611690 23 25 25.4523 -04 58 45.734     
2021 11 30.612037 23 25 25.4515 -04 58 45.688     
2021 11 30.612720 23 25 25.4508 -04 58 45.749     
2021 11 30.613056 23 25 25.4509 -04 58 45.699     
2021 11 30.613403 23 25 25.4501 -04 58 45.728     
2021 11 30.613750 23 25 25.4501 -04 58 45.729     
2021 11 30.614086 23 25 25.4513 -04 58 45.736     
2021 11 30.614433 23 25 25.4518 -04 58 45.721     
2021 11 30.614769 23 25 25.4490 -04 58 45.716     
2021 11 30.615116 23 25 25.4500 -04 58 45.712     
2021 11 30.615463 23 25 25.4532 -04 58 45.753     
2021 11 30.615799 23 25 25.4499 -04 58 45.699     
2021 11 30.616146 23 25 25.4498 -04 58 45.722     
2021 11 30.616481 23 25 25.4492 -04 58 45.702     
2021 11 30.616829 23 25 25.4500 -04 58 45.750     
2021 11 30.617164 23 25 25.4507 -04 58 45.682     
2021 11 30.617512 23 25 25.4501 -04 58 45.749     
2021 11 30.617859 23 25 25.4504 -04 58 45.719     
2021 11 30.618194 23 25 25.4511 -04 58 45.692     
2021 11 30.618542 23 25 25.4508 -04 58 45.714     
2021 11 30.618877 23 25 25.4515 -04 58 45.724     
2021 11 30.619225 23 25 25.4503 -04 58 45.729     
2021 11 30.619560 23 25 25.4501 -04 58 45.718     
2021 11 30.619907 23 25 25.4481 -04 58 45.681     
2021 11 30.620255 23 25 25.4492 -04 58 45.754     
2021 11 30.620938 23 25 25.4494 -04 58 45.712     
2021 11 30.621273 23 25 25.4476 -04 58 45.691     
2021 11 30.621620 23 25 25.4503 -04 58 45.684     
2021 11 30.621968 23 25 25.4474 -04 58 45.713     
2021 11 30.622303 23 25 25.4507 -04 58 45.712     
2021 11 30.622650 23 25 25.4486 -04 58 45.713     
2021 11 30.622986 23 25 25.4489 -04 58 45.730     
2021 11 30.623681 23 25 25.4502 -04 58 45.719     
2021 11 30.624028 23 25 25.4485 -04 58 45.709     
2021 11 30.624375 23 25 25.4499 -04 58 45.714     
2021 11 30.625058 23 25 25.4477 -04 58 45.699     
2021 11 30.625405 23 25 25.4495 -04 58 45.706     
2021 11 30.625752 23 25 25.4506 -04 58 45.718     
2021 11 30.626100 23 25 25.4472 -04 58 45.709     
2021 11 30.626447 23 25 25.4475 -04 58 45.731     
2021 11 30.626794 23 25 25.4494 -04 58 45.716     
2021 11 30.627141 23 25 25.4500 -04 58 45.712     
2021 11 30.627488 23 25 25.4461 -04 58 45.703     
2021 11 30.628171 23 25 25.4472 -04 58 45.699     
2021 11 30.628519 23 25 25.4470 -04 58 45.682     
2021 11 30.628866 23 25 25.4469 -04 58 45.659     
2021 11 30.629213 23 25 25.4500 -04 58 45.729     
2021 11 30.629560 23 25 25.4477 -04 58 45.747     
2021 11 30.629907 23 25 25.4502 -04 58 45.710     
2021 11 30.630255 23 25 25.4466 -04 58 45.696     
2021 11 30.630602 23 25 25.4447 -04 58 45.691     
2021 11 30.630938 23 25 25.4485 -04 58 45.691  
2022 10 30.573090 23 34 55.4805 -04  2 13.108 
2022 10 30.573773 23 34 55.4853 -04  2 13.217 
2022 10 30.574120 23 34 55.4781 -04  2 13.087 
2022 10 30.574456 23 34 55.4797 -04  2 13.095 
2022 10 30.574803 23 34 55.4775 -04  2 13.224 
2022 10 30.575139 23 34 55.4730 -04  2 13.295 
2022 10 30.575486 23 34 55.4769 -04  2 13.198 
2022 10 30.575822 23 34 55.4748 -04  2 13.139 
2022 10 30.576169 23 34 55.4693 -04  2 13.205 
2022 10 30.576505 23 34 55.4689 -04  2 13.219 
2022 10 30.576852 23 34 55.4671 -04  2 13.212 
2022 10 30.577199 23 34 55.4683 -04  2 13.276 
2022 10 30.578565 23 34 55.4612 -04  2 13.264 
2022 10 30.578900 23 34 55.4608 -04  2 13.222 
2022 10 30.579931 23 34 55.4569 -04  2 13.373 
2022 10 30.580278 23 34 55.4518 -04  2 13.325 
2022 10 30.580613 23 34 55.4511 -04  2 13.377 
2022 10 30.580961 23 34 55.4520 -04  2 13.382 
2022 10 30.581296 23 34 55.4517 -04  2 13.418 
2022 10 30.581644 23 34 55.4437 -04  2 13.308 
2022 10 30.581979 23 34 55.4489 -04  2 13.400 
2022 10 30.582326 23 34 55.4430 -04  2 13.347 
2022 10 30.582662 23 34 55.4460 -04  2 13.466 
2022 10 30.583009 23 34 55.4432 -04  2 13.438 
2022 10 30.583356 23 34 55.4443 -04  2 13.392 
2022 10 30.583692 23 34 55.4416 -04  2 13.443 
2022 10 30.584039 23 34 55.4388 -04  2 13.410 
2022 10 30.584375 23 34 55.4364 -04  2 13.447 
2022 10 30.584722 23 34 55.4368 -04  2 13.448 
2022 10 31.532778 23 34 51.7196 -04  2 35.984 
2022 10 31.533125 23 34 51.7138 -04  2 35.969 
2022 10 31.533461 23 34 51.7111 -04  2 36.010 
2022 10 31.533808 23 34 51.7133 -04  2 36.071 
2022 10 31.534155 23 34 51.7112 -04  2 36.004 
2022 10 31.534502 23 34 51.7106 -04  2 36.002 
2022 10 31.534838 23 34 51.7122 -04  2 35.995 
2022 10 31.535185 23 34 51.7111 -04  2 35.976 
2022 10 31.535880 23 34 51.7049 -04  2 36.088 
2022 10 31.536227 23 34 51.7011 -04  2 36.162 
2022 10 31.536562 23 34 51.6953 -04  2 36.093 
2022 10 31.536910 23 34 51.7036 -04  2 36.083 
2022 10 31.537257 23 34 51.6989 -04  2 36.116 
2022 10 31.537604 23 34 51.7035 -04  2 36.115 
2022 10 31.537940 23 34 51.6915 -04  2 36.053 
2022 10 31.538287 23 34 51.6919 -04  2 36.190 
2022 10 31.538634 23 34 51.6924 -04  2 36.152 
2022 10 31.538970 23 34 51.6946 -04  2 36.099 
2022 10 31.539317 23 34 51.6910 -04  2 36.149 
2022 10 31.540012 23 34 51.6852 -04  2 36.136 
2022 10 31.540694 23 34 51.6867 -04  2 36.158 
2022 10 31.541042 23 34 51.6875 -04  2 36.152 
2022 10 31.541389 23 34 51.6806 -04  2 36.207 
2022 10 31.541736 23 34 51.6813 -04  2 36.222 
2022 10 31.542072 23 34 51.6779 -04  2 36.191 
2022 10 31.542419 23 34 51.6748 -04  2 36.219 
2022 10 31.542766 23 34 51.6844 -04  2 36.243 
2022 10 31.543102 23 34 51.6719 -04  2 36.212 
2022 10 31.543449 23 34 51.6755 -04  2 36.285 
2022 10 31.543796 23 34 51.6723 -04  2 36.235 
2022 10 31.544144 23 34 51.6680 -04  2 36.212 
2022 10 31.544826 23 34 51.6714 -04  2 36.322 
2022 10 31.545174 23 34 51.6692 -04  2 36.289 
2022 10 31.545521 23 34 51.6678 -04  2 36.288 
2022 10 31.545856 23 34 51.6686 -04  2 36.301 
2022 10 31.546204 23 34 51.6558 -04  2 36.369 
2022 11 27.525301 23 33 45.9036 -04  8 50.263 
2022 11 27.525625 23 33 45.9020 -04  8 50.212 
2022 11 27.525949 23 33 45.9016 -04  8 50.236 
2022 11 27.526273 23 33 45.9016 -04  8 50.262 
2022 11 27.526921 23 33 45.9024 -04  8 50.232 
2022 11 27.527245 23 33 45.9015 -04  8 50.214 
2022 11 27.527569 23 33 45.9022 -04  8 50.273 
2022 11 27.527882 23 33 45.9030 -04  8 50.305 
2022 11 27.528206 23 33 45.9020 -04  8 50.272 
2022 11 27.528530 23 33 45.9010 -04  8 50.251 
2022 11 27.528854 23 33 45.9004 -04  8 50.255 
2022 11 27.529178 23 33 45.9008 -04  8 50.231 
2022 11 27.529502 23 33 45.9009 -04  8 50.292 
2022 11 27.529826 23 33 45.9002 -04  8 50.250 
2022 11 27.530150 23 33 45.8998 -04  8 50.263 
2022 11 27.530463 23 33 45.8991 -04  8 50.265 
2022 11 27.530787 23 33 45.8985 -04  8 50.255 
2022 11 27.531111 23 33 45.8989 -04  8 50.277 
2022 11 27.531435 23 33 45.8987 -04  8 50.273 
2022 11 27.531759 23 33 45.8989 -04  8 50.299 
2022 11 27.532083 23 33 45.8977 -04  8 50.256 
2022 11 27.532407 23 33 45.8979 -04  8 50.288 
2022 11 27.532731 23 33 45.8967 -04  8 50.252 
2022 11 27.533056 23 33 45.8964 -04  8 50.264 
2022 11 27.533368 23 33 45.8970 -04  8 50.257 
2022 11 27.533692 23 33 45.8955 -04  8 50.250 
2022 11 27.534016 23 33 45.8964 -04  8 50.304 
2022 11 27.534340 23 33 45.8950 -04  8 50.269 
2022 11 27.534664 23 33 45.8951 -04  8 50.269 
2022 11 27.534988 23 33 45.8957 -04  8 50.295 
2022 11 27.535312 23 33 45.8946 -04  8 50.243 
2022 11 27.535637 23 33 45.8955 -04  8 50.287 
2022 11 27.535961 23 33 45.8930 -04  8 50.236 
2022 11 27.536273 23 33 45.8933 -04  8 50.245 
2022 11 27.536597 23 33 45.8928 -04  8 50.279 
2022 11 27.536921 23 33 45.8923 -04  8 50.309 
2022 11 27.537245 23 33 45.8921 -04  8 50.307 
2022 11 27.537569 23 33 45.8926 -04  8 50.326 
2022 11 27.537894 23 33 45.8920 -04  8 50.259 
2022 11 27.538380 23 33 45.8896 -04  8 50.298 
2022 11 27.538704 23 33 45.8908 -04  8 50.295 
2022 11 28.513843 23 33 45.1198 -04  8 53.201 
2022 11 28.514190 23 33 45.1194 -04  8 53.247 
2022 11 28.514525 23 33 45.1188 -04  8 53.201 
2022 11 28.515729 23 33 45.1184 -04  8 53.255 
2022 11 28.516065 23 33 45.1189 -04  8 53.240 
2022 11 28.516412 23 33 45.1168 -04  8 53.224 
2022 11 28.516759 23 33 45.1171 -04  8 53.244 
2022 11 28.517095 23 33 45.1173 -04  8 53.260 
2022 11 28.517442 23 33 45.1172 -04  8 53.223 
2022 11 28.517778 23 33 45.1167 -04  8 53.231 
2022 11 28.518125 23 33 45.1165 -04  8 53.248 
2022 11 28.518461 23 33 45.1154 -04  8 53.241 
2022 11 28.518785 23 33 45.1163 -04  8 53.274 
2022 11 28.519109 23 33 45.1148 -04  8 53.242 
2022 11 28.519433 23 33 45.1154 -04  8 53.230 
2022 11 28.519745 23 33 45.1155 -04  8 53.226 
2022 11 28.520069 23 33 45.1145 -04  8 53.250 
2022 11 28.520394 23 33 45.1149 -04  8 53.259 
2022 11 28.520718 23 33 45.1146 -04  8 53.246 
2022 11 28.521042 23 33 45.1153 -04  8 53.253 
2022 11 28.521366 23 33 45.1142 -04  8 53.251 
2022 11 28.521678 23 33 45.1129 -04  8 53.258 
2022 11 28.522002 23 33 45.1130 -04  8 53.268 
2022 11 28.522326 23 33 45.1124 -04  8 53.269 
2022 11 28.522650 23 33 45.1135 -04  8 53.272 
2022 11 28.522975 23 33 45.1127 -04  8 53.233 
2022 11 28.523287 23 33 45.1121 -04  8 53.200 
2022 11 28.523611 23 33 45.1119 -04  8 53.253 
2022 11 28.523935 23 33 45.1110 -04  8 53.212 
2022 11 28.524259 23 33 45.1102 -04  8 53.276 
2022 11 28.524583 23 33 45.1099 -04  8 53.225 
2022 11 28.524907 23 33 45.1109 -04  8 53.225 
2022 11 28.525220 23 33 45.1096 -04  8 53.241 
2022 11 28.525544 23 33 45.1093 -04  8 53.228 
2022 11 28.525868 23 33 45.1090 -04  8 53.281 
2022 11 28.526192 23 33 45.1096 -04  8 53.257 
2022 11 28.526516 23 33 45.1099 -04  8 53.247 
2022 11 28.526829 23 33 45.1090 -04  8 53.232 
2022 11 28.527153 23 33 45.1090 -04  8 53.265 
2022 11 28.527477 23 33 45.1088 -04  8 53.281 
2022 11 29.543437 23 33 44.4297 -04  8 55.465 
2022 11 29.543773 23 33 44.4284 -04  8 55.486 
2022 11 29.544109 23 33 44.4271 -04  8 55.473 
2022 11 29.544444 23 33 44.4275 -04  8 55.455 
2022 11 29.544769 23 33 44.4270 -04  8 55.429 
2022 11 29.545104 23 33 44.4293 -04  8 55.483 
2022 11 29.545440 23 33 44.4270 -04  8 55.461 
2022 11 29.545775 23 33 44.4265 -04  8 55.467 
2022 11 29.546100 23 33 44.4281 -04  8 55.455 
2022 11 29.546435 23 33 44.4298 -04  8 55.514 
2022 11 29.547106 23 33 44.4282 -04  8 55.461 
2022 11 29.548102 23 33 44.4273 -04  8 55.455 
2022 11 29.548426 23 33 44.4240 -04  8 55.466 
2022 11 29.548762 23 33 44.4272 -04  8 55.453 
2022 11 29.549097 23 33 44.4262 -04  8 55.481 
2022 11 29.549433 23 33 44.4266 -04  8 55.485 
2022 11 29.549757 23 33 44.4248 -04  8 55.443 
2022 11 29.550093 23 33 44.4250 -04  8 55.501 
2022 11 29.550428 23 33 44.4276 -04  8 55.491 
2022 11 29.550764 23 33 44.4257 -04  8 55.500 
2022 11 29.551088 23 33 44.4264 -04  8 55.481 
2022 11 29.551424 23 33 44.4264 -04  8 55.462 
2022 11 29.551759 23 33 44.4269 -04  8 55.488 
2022 11 29.552095 23 33 44.4240 -04  8 55.455 
2022 11 29.552419 23 33 44.4262 -04  8 55.484 
2022 11 29.552755 23 33 44.4242 -04  8 55.474 
2022 11 29.553090 23 33 44.4243 -04  8 55.467 
2022 11 29.553426 23 33 44.4230 -04  8 55.463 
2022 11 29.553750 23 33 44.4211 -04  8 55.476 
2022 11 29.554421 23 33 44.4223 -04  8 55.516 
2022 11 29.554757 23 33 44.4222 -04  8 55.460 
2022 11 29.555093 23 33 44.4210 -04  8 55.468 
2022 11 29.555417 23 33 44.4213 -04  8 55.497 
2022 11 29.555752 23 33 44.4229 -04  8 55.474 
2022 11 29.556088 23 33 44.4221 -04  8 55.469 
2022 11 29.556424 23 33 44.4204 -04  8 55.506 
2022 11 30.534630 23 33 43.8952 -04  8 56.753 
2022 11 30.534965 23 33 43.8969 -04  8 56.788 
2022 11 30.535312 23 33 43.8959 -04  8 56.802 
2022 11 30.535995 23 33 43.8951 -04  8 56.785 
2022 11 30.536331 23 33 43.8960 -04  8 56.763 
2022 11 30.536678 23 33 43.8958 -04  8 56.837 
2022 11 30.537014 23 33 43.8969 -04  8 56.753 
2022 11 30.537361 23 33 43.8945 -04  8 56.786 
2022 11 30.537697 23 33 43.8953 -04  8 56.791 
2022 11 30.538044 23 33 43.8948 -04  8 56.797 
2022 11 30.538380 23 33 43.8927 -04  8 56.824 
2022 11 30.538715 23 33 43.8921 -04  8 56.794 
2022 11 30.539062 23 33 43.8936 -04  8 56.814 
2022 11 30.539398 23 33 43.8936 -04  8 56.850 
2022 11 30.539745 23 33 43.8919 -04  8 56.827 
2022 11 30.540081 23 33 43.8929 -04  8 56.807 
2022 11 30.540428 23 33 43.8932 -04  8 56.815 
2022 11 30.540764 23 33 43.8931 -04  8 56.822 
2022 11 30.541111 23 33 43.8932 -04  8 56.795 
2022 11 30.541447 23 33 43.8924 -04  8 56.825 
2022 11 30.541794 23 33 43.8938 -04  8 56.834 
2022 11 30.542130 23 33 43.8931 -04  8 56.802 
2022 11 30.542465 23 33 43.8916 -04  8 56.835 
2022 11 30.542813 23 33 43.8920 -04  8 56.817 
2022 11 30.543148 23 33 43.8906 -04  8 56.828 
2022 11 30.543495 23 33 43.8911 -04  8 56.807 
2022 11 30.543831 23 33 43.8913 -04  8 56.802 
2022 11 30.544178 23 33 43.8888 -04  8 56.843 
2022 11 30.544514 23 33 43.8892 -04  8 56.835 
2022 11 30.544861 23 33 43.8907 -04  8 56.734 
2022 12 25.462523 23 34 11.5103 -04  5  5.026 
2022 12 25.462882 23 34 11.5125 -04  5  5.037 
2022 12 25.463241 23 34 11.5122 -04  5  4.990 
2022 12 25.463947 23 34 11.5147 -04  5  5.034 
2022 12 25.464306 23 34 11.5148 -04  5  4.981 
2022 12 25.464664 23 34 11.5140 -04  5  5.031 
2022 12 25.465023 23 34 11.5153 -04  5  4.984 
2022 12 25.465729 23 34 11.5175 -04  5  5.021 
2022 12 25.466447 23 34 11.5202 -04  5  4.973 
2022 12 25.466806 23 34 11.5215 -04  5  4.988 
2022 12 25.467153 23 34 11.5201 -04  5  4.975 
2022 12 25.467859 23 34 11.5252 -04  5  4.970 
2022 12 25.468218 23 34 11.5245 -04  5  4.901 
2022 12 25.468565 23 34 11.5250 -04  5  4.915 
2022 12 25.468924 23 34 11.5261 -04  5  4.981 
2022 12 25.469988 23 34 11.5292 -04  5  4.900 
2022 12 25.470336 23 34 11.5306 -04  5  4.922 
2022 12 25.471053 23 34 11.5348 -04  5  4.921 
2022 12 25.471759 23 34 11.5352 -04  5  4.900 
2022 12 25.472118 23 34 11.5356 -04  5  4.815 
2022 12 25.472477 23 34 11.5367 -04  5  4.879 
2022 12 25.472836 23 34 11.5379 -04  5  4.871 
2022 12 25.473183 23 34 11.5390 -04  5  4.867 
2022 12 25.473542 23 34 11.5413 -04  5  4.870 
2022 12 25.473900 23 34 11.5408 -04  5  4.874 
2022 12 25.474248 23 34 11.5425 -04  5  4.860 
2022 12 25.474606 23 34 11.5440 -04  5  4.894 
2022 12 25.474954 23 34 11.5442 -04  5  4.801 
2022 12 25.475671 23 34 11.5443 -04  5  4.779 
2022 12 25.476377 23 34 11.5463 -04  5  4.811 
2022 12 25.476736 23 34 11.5442 -04  5  4.822 
2022 12 25.477083 23 34 11.5458 -04  5  4.833 
2022 12 25.477442 23 34 11.5470 -04  5  4.836 
2022 12 25.478495 23 34 11.5517 -04  5  4.805 
2022 12 25.478854 23 34 11.5525 -04  5  4.803 
2022 12 25.479201 23 34 11.5531 -04  5  4.745 
2022 12 25.479907 23 34 11.5544 -04  5  4.706 
2022 12 25.480266 23 34 11.5560 -04  5  4.710 
2022 12 25.480625 23 34 11.5571 -04  5  4.772 
2022 12 25.480972 23 34 11.5578 -04  5  4.693 
2022 12 25.481331 23 34 11.5587 -04  5  4.659 
2022 12 25.481690 23 34 11.5607 -04  5  4.734 
2022 12 25.482037 23 34 11.5596 -04  5  4.730 
2022 12 25.482396 23 34 11.5628 -04  5  4.725 
2022 12 25.482755 23 34 11.5633 -04  5  4.706 
2022 12 25.483102 23 34 11.5651 -04  5  4.717 
2022 12 25.483461 23 34 11.5631 -04  5  4.665 
2022 12 25.483819 23 34 11.5648 -04  5  4.626 
2022 12 25.484167 23 34 11.5648 -04  5  4.710 
2022 12 25.484525 23 34 11.5684 -04  5  4.636 
2022 12 25.484884 23 34 11.5700 -04  5  4.657 
2022 12 25.485231 23 34 11.5694 -04  5  4.595 
2022 12 25.485590 23 34 11.5704 -04  5  4.623 
2022 12 25.485937 23 34 11.5717 -04  5  4.603 
2022 12 25.486296 23 34 11.5723 -04  5  4.647 
2022 12 25.486644 23 34 11.5747 -04  5  4.594 
2022 12 25.486991 23 34 11.5747 -04  5  4.599 
2022 12 25.487350 23 34 11.5728 -04  5  4.583 
2022 12 25.487708 23 34 11.5747 -04  5  4.582 
2022 12 25.488056 23 34 11.5779 -04  5  4.573 
2022 12 25.488414 23 34 11.5780 -04  5  4.548 
2022 12 25.488773 23 34 11.5776 -04  5  4.576 
2022 12 25.489120 23 34 11.5793 -04  5  4.530 
2022 12 25.489479 23 34 11.5802 -04  5  4.542 
2022 12 25.489826 23 34 11.5816 -04  5  4.580 
2022 12 25.490174 23 34 11.5806 -04  5  4.579 
2022 12 25.490532 23 34 11.5816 -04  5  4.526 
2022 12 25.490891 23 34 11.5839 -04  5  4.547 
2022 12 26.465984 23 34 14.2704 -04  4 45.128
2022 12 26.466366 23 34 14.2709 -04  4 45.217
2022 12 26.466713 23 34 14.2723 -04  4 45.222
2022 12 26.467072 23 34 14.2729 -04  4 45.143
2022 12 26.467419 23 34 14.2732 -04  4 45.188
2022 12 26.467766 23 34 14.2749 -04  4 45.192
2022 12 26.468472 23 34 14.2757 -04  4 45.161
2022 12 26.468819 23 34 14.2756 -04  4 45.185
2022 12 26.469167 23 34 14.2768 -04  4 45.160
2022 12 26.469514 23 34 14.2773 -04  4 45.153
2022 12 26.469873 23 34 14.2784 -04  4 45.099
2022 12 26.470220 23 34 14.2807 -04  4 45.155
2022 12 26.470567 23 34 14.2826 -04  4 45.176
2022 12 26.470914 23 34 14.2789 -04  4 45.119
2022 12 26.471273 23 34 14.2806 -04  4 45.085
2022 12 26.471620 23 34 14.2822 -04  4 45.090
2022 12 26.471968 23 34 14.2847 -04  4 45.102
2022 12 26.472315 23 34 14.2847 -04  4 45.049
2022 12 26.472674 23 34 14.2876 -04  4 45.101
2022 12 26.473021 23 34 14.2864 -04  4 45.107
2022 12 26.473368 23 34 14.2874 -04  4 45.005
2022 12 26.473727 23 34 14.2865 -04  4 45.038
2022 12 26.474074 23 34 14.2907 -04  4 45.050
2022 12 26.474421 23 34 14.2935 -04  4 45.001
2022 12 26.474769 23 34 14.2920 -04  4 44.987
2022 12 26.475127 23 34 14.2944 -04  4 44.983
2022 12 26.475475 23 34 14.2932 -04  4 44.919
2022 12 26.475822 23 34 14.2949 -04  4 44.930
2022 12 26.476875 23 34 14.2984 -04  4 44.962
2022 12 26.477222 23 34 14.2987 -04  4 45.021
2022 12 26.477662 23 34 14.3007 -04  4 44.988
2022 12 26.478032 23 34 14.3022 -04  4 45.000
2022 12 26.478380 23 34 14.3038 -04  4 44.954
2022 12 26.478738 23 34 14.3007 -04  4 44.922
2022 12 26.479433 23 34 14.3057 -04  4 44.981
2022 12 26.479780 23 34 14.3062 -04  4 44.870
2022 12 26.480139 23 34 14.3096 -04  4 44.944
2022 12 26.480486 23 34 14.3094 -04  4 44.923
2022 12 26.480833 23 34 14.3074 -04  4 44.909
2022 12 26.481192 23 34 14.3082 -04  4 44.830
2023 09 14.698235 23 47 35.7654 -02 43 59.931
2023 09 14.698547 23 47 35.7682 -02 43 59.991
2023 09 14.698860 23 47 35.7602 -02 43 59.960
2023 09 14.699161 23 47 35.7650 -02 44  0.073
2023 09 14.699462 23 47 35.7597 -02 44  0.005
2023 09 14.700087 23 47 35.7544 -02 43 59.961
2023 09 14.700399 23 47 35.7466 -02 44  0.049
2023 09 14.700712 23 47 35.7510 -02 44  0.085
2023 09 14.701013 23 47 35.7451 -02 44  0.076
2023 09 14.701325 23 47 35.7510 -02 44  0.101
2023 09 14.701638 23 47 35.7479 -02 44  0.118
2023 09 14.701950 23 47 35.7464 -02 44  0.137
2023 09 14.702263 23 47 35.7409 -02 44  0.136
2023 09 14.702575 23 47 35.7413 -02 44  0.163
2023 09 14.703513 23 47 35.7297 -02 44  0.227
2023 09 14.703825 23 47 35.7330 -02 44  0.206
2023 09 14.704138 23 47 35.7306 -02 44  0.189
2023 09 15.655249 23 47 29.9647 -02 44 38.326 
2023 09 15.655538 23 47 29.9664 -02 44 38.354 
2023 09 15.655839 23 47 29.9615 -02 44 38.351 
2023 09 15.656418 23 47 29.9537 -02 44 38.411 
2023 09 16.639155 23 47 23.9855 -02 45 17.747 
2023 09 16.639861 23 47 23.9804 -02 45 17.795 
2023 09 16.640556 23 47 23.9778 -02 45 17.751 
2023 09 16.641609 23 47 23.9735 -02 45 17.854 
2023 09 16.642315 23 47 23.9679 -02 45 17.838 
2023 09 16.642662 23 47 23.9660 -02 45 17.877 
2023 09 16.643715 23 47 23.9606 -02 45 17.943 
2023 09 16.644063 23 47 23.9593 -02 45 17.931 
2023 09 16.644421 23 47 23.9556 -02 45 17.833 
2023 09 16.645116 23 47 23.9549 -02 45 17.949 
2023 10 14.660995 23 44 39.2854 -03  3  2.977 
2023 10 14.661806 23 44 39.2851 -03  3  3.068 
2023 10 14.662616 23 44 39.2815 -03  3  3.020 
2023 10 14.663438 23 44 39.2734 -03  3  3.096 
2023 10 14.664259 23 44 39.2725 -03  3  3.120 
2023 10 14.665069 23 44 39.2619 -03  3  3.094 
2023 10 14.665891 23 44 39.2585 -03  3  3.138 
2023 10 14.666701 23 44 39.2607 -03  3  3.258 
2023 10 14.671597 23 44 39.2278 -03  3  3.349 
2023 10 14.672419 23 44 39.2287 -03  3  3.422 
2023 10 14.674051 23 44 39.2172 -03  3  3.424 
2023 10 14.674861 23 44 39.2103 -03  3  3.499 
2023 10 14.675683 23 44 39.2084 -03  3  3.475 
2023 10 14.676493 23 44 39.2052 -03  3  3.538 
2023 10 14.678947 23 44 39.1878 -03  3  3.698 
2023 10 16.599850 23 44 28.9815 -03  4  8.222
2023 10 16.600313 23 44 28.9800 -03  4  8.267
2023 10 16.601262 23 44 28.9745 -03  4  8.287
2023 10 16.601725 23 44 28.9735 -03  4  8.288
2023 10 16.602199 23 44 28.9710 -03  4  8.285
2023 10 16.602662 23 44 28.9666 -03  4  8.316
2023 10 16.603137 23 44 28.9648 -03  4  8.352
2023 10 16.603600 23 44 28.9638 -03  4  8.329
2023 10 16.604074 23 44 28.9588 -03  4  8.370
2023 10 16.604537 23 44 28.9582 -03  4  8.382
2023 10 16.605012 23 44 28.9552 -03  4  8.396
2023 10 16.605475 23 44 28.9530 -03  4  8.380
2023 10 16.605949 23 44 28.9500 -03  4  8.440
2023 10 16.606887 23 44 28.9443 -03  4  8.435
2023 10 16.607350 23 44 28.9423 -03  4  8.466
2023 10 16.607824 23 44 28.9411 -03  4  8.506
2023 10 16.608287 23 44 28.9390 -03  4  8.531
2023 10 16.609225 23 44 28.9342 -03  4  8.561
2023 10 16.609699 23 44 28.9284 -03  4  8.559
2023 10 16.610162 23 44 28.9287 -03  4  8.553
2023 10 16.610637 23 44 28.9265 -03  4  8.575
2023 10 16.611100 23 44 28.9225 -03  4  8.599
2023 10 16.611574 23 44 28.9201 -03  4  8.640
2023 10 16.612037 23 44 28.9173 -03  4  8.657
2023 10 16.612512 23 44 28.9136 -03  4  8.646
2023 10 16.612975 23 44 28.9128 -03  4  8.658
2023 10 16.613449 23 44 28.9103 -03  4  8.685
2023 10 16.613924 23 44 28.9057 -03  4  8.699
2023 10 16.614387 23 44 28.9043 -03  4  8.704
2023 10 16.614861 23 44 28.9020 -03  4  8.740
2023 10 16.615799 23 44 28.8955 -03  4  8.773
2023 10 16.616262 23 44 28.8943 -03  4  8.761
2023 10 16.616736 23 44 28.8901 -03  4  8.796
2023 10 16.617199 23 44 28.8900 -03  4  8.796
2023 10 16.617674 23 44 28.8849 -03  4  8.788
2023 10 16.618137 23 44 28.8874 -03  4  8.840
2023 10 16.618611 23 44 28.8825 -03  4  8.851
2023 10 16.619074 23 44 28.8803 -03  4  8.862
2023 10 16.619549 23 44 28.8762 -03  4  8.879
2023 10 16.620012 23 44 28.8753 -03  4  8.902
2023 10 16.620486 23 44 28.8724 -03  4  8.915
2023 10 16.620949 23 44 28.8692 -03  4  8.917
2023 10 16.621424 23 44 28.8669 -03  4  8.953
2023 10 16.621887 23 44 28.8645 -03  4  8.969
2023 10 16.622361 23 44 28.8600 -03  4  8.975
2023 10 16.622824 23 44 28.8565 -03  4  8.968
2023 10 16.623299 23 44 28.8552 -03  4  9.009
2023 10 16.623762 23 44 28.8541 -03  4  9.020
2023 10 16.624236 23 44 28.8514 -03  4  9.043
2023 10 16.624699 23 44 28.8494 -03  4  9.069
2023 10 16.625174 23 44 28.8448 -03  4  9.081
2023 10 16.625637 23 44 28.8427 -03  4  9.081
2023 10 16.626111 23 44 28.8413 -03  4  9.107
2023 10 16.626586 23 44 28.8400 -03  4  9.104
2023 10 16.627049 23 44 28.8382 -03  4  9.156
2023 10 16.627986 23 44 28.8325 -03  4  9.149
2023 10 16.628461 23 44 28.8287 -03  4  9.181
2023 10 16.628924 23 44 28.8278 -03  4  9.197
2023 10 16.629398 23 44 28.8238 -03  4  9.232
2023 10 16.629861 23 44 28.8209 -03  4  9.229
2023 10 16.630799 23 44 28.8158 -03  4  9.251
2023 10 16.631273 23 44 28.8138 -03  4  9.281
2023 10 16.631736 23 44 28.8099 -03  4  9.293
2023 10 16.632674 23 44 28.8072 -03  4  9.310
2023 10 16.633148 23 44 28.8042 -03  4  9.328
2023 10 16.633611 23 44 28.8008 -03  4  9.371
2023 10 16.634086 23 44 28.7979 -03  4  9.356
2023 10 16.634549 23 44 28.7944 -03  4  9.395
2023 10 16.635023 23 44 28.7952 -03  4  9.394
2023 10 16.635498 23 44 28.7902 -03  4  9.423
2023 10 16.635961 23 44 28.7882 -03  4  9.420
2023 10 16.636435 23 44 28.7882 -03  4  9.453
2023 10 16.636898 23 44 28.7862 -03  4  9.475
2023 10 16.637373 23 44 28.7822 -03  4  9.486
2023 10 16.637836 23 44 28.7786 -03  4  9.499
2023 10 16.638773 23 44 28.7755 -03  4  9.516
2023 10 16.639248 23 44 28.7718 -03  4  9.547
2023 10 16.639711 23 44 28.7694 -03  4  9.527
2023 10 16.640185 23 44 28.7660 -03  4  9.571
2023 10 16.640648 23 44 28.7646 -03  4  9.603
2023 10 16.641123 23 44 28.7614 -03  4  9.591
2023 10 16.641586 23 44 28.7598 -03  4  9.608
2023 10 16.642060 23 44 28.7569 -03  4  9.655
2023 10 16.642523 23 44 28.7546 -03  4  9.648
2023 10 16.642998 23 44 28.7508 -03  4  9.646
2023 10 16.643461 23 44 28.7466 -03  4  9.686
2023 10 16.643935 23 44 28.7457 -03  4  9.680
2023 10 16.644398 23 44 28.7433 -03  4  9.682
2023 10 16.644873 23 44 28.7410 -03  4  9.734
2023 10 16.645347 23 44 28.7398 -03  4  9.752
2023 10 16.645810 23 44 28.7366 -03  4  9.754
2023 10 16.646285 23 44 28.7331 -03  4  9.782
2023 11 14.560880 23 42 30.3485 -03 16 14.370
2023 11 14.561586 23 42 30.3458 -03 16 14.400
2023 11 14.562280 23 42 30.3436 -03 16 14.423
2023 11 14.562986 23 42 30.3431 -03 16 14.421
2023 11 14.563681 23 42 30.3384 -03 16 14.420
2023 11 14.564375 23 42 30.3393 -03 16 14.433
2023 11 14.565081 23 42 30.3395 -03 16 14.458
2023 11 14.565775 23 42 30.3354 -03 16 14.477
2023 11 14.566481 23 42 30.3356 -03 16 14.468
2023 11 14.567176 23 42 30.3310 -03 16 14.503
2023 11 14.567882 23 42 30.3299 -03 16 14.484
2023 11 14.568576 23 42 30.3252 -03 16 14.467
2023 11 14.569282 23 42 30.3253 -03 16 14.532
2023 11 14.569977 23 42 30.3221 -03 16 14.558
2023 11 14.570671 23 42 30.3224 -03 16 14.537
2023 11 14.571377 23 42 30.3200 -03 16 14.518
2023 11 14.572072 23 42 30.3188 -03 16 14.559
2023 11 14.572778 23 42 30.3162 -03 16 14.548
2023 11 14.573472 23 42 30.3135 -03 16 14.563
2023 11 14.574167 23 42 30.3116 -03 16 14.581
2023 11 14.574873 23 42 30.3078 -03 16 14.589
2023 11 14.575567 23 42 30.3068 -03 16 14.587
2023 11 14.576273 23 42 30.3055 -03 16 14.635
2023 11 14.576968 23 42 30.3036 -03 16 14.642
2023 11 14.577743 23 42 30.3016 -03 16 14.664
2023 11 14.578437 23 42 30.2990 -03 16 14.669
2023 11 14.579132 23 42 30.2990 -03 16 14.645
2023 11 14.579838 23 42 30.2957 -03 16 14.689
2023 11 14.580532 23 42 30.2952 -03 16 14.705
2023 11 14.581238 23 42 30.2912 -03 16 14.693
2023 11 14.581933 23 42 30.2897 -03 16 14.708
2023 11 14.582627 23 42 30.2896 -03 16 14.710
2023 11 14.583333 23 42 30.2862 -03 16 14.719
2023 12 14.559688 23 42  3.4680 -03 18  2.445
2023 12 14.560498 23 42  3.4666 -03 18  2.404
2023 12 14.561319 23 42  3.4722 -03 18  2.362
2023 12 14.562130 23 42  3.4709 -03 18  2.322
2023 12 14.562951 23 42  3.4708 -03 18  2.349
2023 12 14.563762 23 42  3.4729 -03 18  2.382
2023 12 14.564583 23 42  3.4731 -03 18  2.344
2023 12 14.565394 23 42  3.4716 -03 18  2.398
2023 12 14.567847 23 42  3.4751 -03 18  2.379
2023 12 14.568657 23 42  3.4737 -03 18  2.404
2023 12 14.569479 23 42  3.4748 -03 18  2.337
2023 12 14.573542 23 42  3.4815 -03 18  2.302
2023 12 14.574352 23 42  3.4818 -03 18  2.333
2023 12 14.575174 23 42  3.4815 -03 18  2.269
2023 12 14.575984 23 42  3.4852 -03 18  2.269
2023 12 14.576806 23 42  3.4860 -03 18  2.277
2023 12 14.577616 23 42  3.4827 -03 18  2.250
2023 12 14.579248 23 42  3.4859 -03 18  2.274
2023 12 14.580069 23 42  3.4860 -03 18  2.254
2023 12 14.580880 23 42  3.4863 -03 18  2.306
2023 12 14.581701 23 42  3.4866 -03 18  2.217
2023 12 14.582512 23 42  3.4885 -03 18  2.260
2023 12 14.583333 23 42  3.4902 -03 18  2.218
2023 12 14.584144 23 42  3.4888 -03 18  2.275
2023 12 14.584965 23 42  3.4885 -03 18  2.284
2023 12 14.585775 23 42  3.4922 -03 18  2.206
2023 12 15.567535 23 42  4.5279 -03 17 53.267 
2023 12 15.568356 23 42  4.5306 -03 17 53.223 
2023 12 15.569167 23 42  4.5295 -03 17 53.197 
2023 12 15.569977 23 42  4.5313 -03 17 53.205 
2023 12 15.570799 23 42  4.5301 -03 17 53.176 
2023 12 15.571609 23 42  4.5305 -03 17 53.250 
2023 12 15.572431 23 42  4.5336 -03 17 53.179 
2023 12 15.573241 23 42  4.5350 -03 17 53.186 
2023 12 15.574063 23 42  4.5380 -03 17 53.147 
2023 12 15.574873 23 42  4.5364 -03 17 53.209 
2023 12 15.575694 23 42  4.5367 -03 17 53.191 
2023 12 15.576505 23 42  4.5376 -03 17 53.182 
2023 12 15.577326 23 42  4.5391 -03 17 53.183 
2023 12 15.578137 23 42  4.5418 -03 17 53.134 
2023 12 15.578958 23 42  4.5395 -03 17 53.097 
2023 12 15.579769 23 42  4.5434 -03 17 53.127 
2023 12 15.580590 23 42  4.5421 -03 17 53.102 
2023 12 15.582222 23 42  4.5420 -03 17 53.072 
2023 12 15.583032 23 42  4.5448 -03 17 53.131 
2023 12 15.583843 23 42  4.5474 -03 17 53.079 
2023 12 15.584664 23 42  4.5472 -03 17 53.107 
2023 12 15.585475 23 42  4.5484 -03 17 53.037 
2023 12 15.586296 23 42  4.5482 -03 17 53.141 
2023 12 15.587106 23 42  4.5501 -03 17 53.070 
2023 12 15.587928 23 42  4.5493 -03 17 53.071 
2023 12 15.588738 23 42  4.5517 -03 17 53.063 
2023 12 15.589560 23 42  4.5518 -03 17 53.036 
2023 12 15.590370 23 42  4.5513 -03 17 53.020 
2023 12 15.591192 23 42  4.5534 -03 17 53.017 
2024 10 28.582824 23 51 53.4540 -02 19  7.293 
2024 10 28.583299 23 51 53.4498 -02 19  7.282 
2024 10 28.583762 23 51 53.4501 -02 19  7.339 
2024 10 28.584225 23 51 53.4460 -02 19  7.362 
2024 10 28.584699 23 51 53.4417 -02 19  7.418 
2024 10 28.585162 23 51 53.4416 -02 19  7.381 
2024 10 28.585637 23 51 53.4386 -02 19  7.399 
2024 10 28.586100 23 51 53.4377 -02 19  7.420 
2024 10 28.586574 23 51 53.4348 -02 19  7.399 
2024 10 28.587500 23 51 53.4331 -02 19  7.430 
2024 10 28.587975 23 51 53.4297 -02 19  7.451 
2024 10 28.588438 23 51 53.4268 -02 19  7.431 
2024 10 28.588912 23 51 53.4253 -02 19  7.465 
2024 10 28.589375 23 51 53.4212 -02 19  7.515 
2024 10 28.589850 23 51 53.4199 -02 19  7.508 
2024 10 28.590312 23 51 53.4195 -02 19  7.548 
2024 10 28.590787 23 51 53.4167 -02 19  7.516 
2024 10 28.591250 23 51 53.4127 -02 19  7.609 
2024 10 28.591725 23 51 53.4108 -02 19  7.567 
2024 10 28.592188 23 51 53.4066 -02 19  7.616 
2024 10 28.592662 23 51 53.4077 -02 19  7.599 
2024 10 28.593125 23 51 53.4058 -02 19  7.595 
2024 10 28.593600 23 51 53.4030 -02 19  7.633 
2024 10 28.594062 23 51 53.4042 -02 19  7.606 
2024 10 28.594525 23 51 53.3996 -02 19  7.650 
2024 10 28.595000 23 51 53.3962 -02 19  7.647 
2024 10 28.595475 23 51 53.3959 -02 19  7.714 
2024 10 28.595938 23 51 53.3919 -02 19  7.724 
2024 10 28.596412 23 51 53.3875 -02 19  7.755 
2024 10 28.596875 23 51 53.3892 -02 19  7.718 
2024 10 28.597338 23 51 53.3834 -02 19  7.743 
2024 10 28.597812 23 51 53.3837 -02 19  7.763 
2024 10 28.598275 23 51 53.3795 -02 19  7.762 
2024 10 28.598750 23 51 53.3789 -02 19  7.746 
2024 10 28.599225 23 51 53.3752 -02 19  7.770 
2024 10 28.599688 23 51 53.3745 -02 19  7.780 
2024 10 28.600162 23 51 53.3735 -02 19  7.753 
2024 10 28.600625 23 51 53.3699 -02 19  7.841 
2024 10 28.601088 23 51 53.3681 -02 19  7.808 
2024 10 28.610579 23 51 53.3263 -02 19  8.042 
2024 10 28.621354 23 51 53.2776 -02 19  8.412 
2024 10 28.632141 23 51 53.2269 -02 19  8.694 
2024 10 28.635729 23 51 53.2129 -02 19  8.795 
2024 10 28.642928 23 51 53.1796 -02 19  8.955 
2024 10 29.515127 23 51 49.2904 -02 19 33.013 
2024 10 29.515822 23 51 49.2903 -02 19 32.985 
2024 10 29.516528 23 51 49.2896 -02 19 32.982 
2024 10 29.517222 23 51 49.2805 -02 19 33.012 
2024 10 29.517928 23 51 49.2772 -02 19 33.098 
2024 10 29.518623 23 51 49.2752 -02 19 33.077 
2024 10 29.519329 23 51 49.2720 -02 19 33.171 
2024 10 29.520023 23 51 49.2711 -02 19 33.130 
2024 10 29.520729 23 51 49.2647 -02 19 33.211 
2024 10 29.521424 23 51 49.2643 -02 19 33.193 
2024 10 29.522130 23 51 49.2611 -02 19 33.237 
2024 10 29.522824 23 51 49.2578 -02 19 33.259 
2024 10 29.523519 23 51 49.2536 -02 19 33.257 
2024 10 29.524225 23 51 49.2500 -02 19 33.273 
2024 10 29.524919 23 51 49.2456 -02 19 33.250 
2024 10 29.525625 23 51 49.2443 -02 19 33.283 
2024 10 29.526319 23 51 49.2431 -02 19 33.292 
2024 10 29.527025 23 51 49.2347 -02 19 33.370 
2024 10 29.527720 23 51 49.2305 -02 19 33.362 
2024 10 29.528426 23 51 49.2327 -02 19 33.382 
2024 10 29.529120 23 51 49.2282 -02 19 33.442 
2024 10 29.529826 23 51 49.2222 -02 19 33.406 
2024 10 29.530521 23 51 49.2228 -02 19 33.428 
2024 10 29.531227 23 51 49.2168 -02 19 33.501 
2024 10 29.531921 23 51 49.2188 -02 19 33.478 
2024 10 29.532627 23 51 49.2128 -02 19 33.501 
2024 10 29.533322 23 51 49.2083 -02 19 33.492 
2024 10 29.534028 23 51 49.2045 -02 19 33.526 
2024 10 29.534722 23 51 49.2036 -02 19 33.597 
2024 10 29.535428 23 51 49.2003 -02 19 33.561 
2024 10 29.544097 23 51 49.1604 -02 19 33.777 
2024 10 29.547685 23 51 49.1449 -02 19 33.871 
2024 10 29.551285 23 51 49.1289 -02 19 34.002 
2024 10 29.554873 23 51 49.1128 -02 19 33.985 
2024 10 29.558472 23 51 49.0959 -02 19 34.136 
2024 10 29.562060 23 51 49.0803 -02 19 34.235 
2024 10 29.565660 23 51 49.0638 -02 19 34.333 
2024 10 29.569248 23 51 49.0498 -02 19 34.454 
2024 10 29.572847 23 51 49.0326 -02 19 34.649 
2024 10 29.576435 23 51 49.0156 -02 19 34.715 
2024 10 29.584780 23 51 48.9770 -02 19 34.861 
2024 10 29.588380 23 51 48.9620 -02 19 34.966 
2024 10 29.591968 23 51 48.9492 -02 19 35.124 
2024 10 29.595567 23 51 48.9327 -02 19 35.152 
2024 10 29.602755 23 51 48.8995 -02 19 35.346 
2024 10 29.617130 23 51 48.8303 -02 19 35.838 
2024 10 30.584792 23 51 44.5938 -02 20  1.965 
2024 10 30.586285 23 51 44.5904 -02 20  2.009 
2024 10 30.587095 23 51 44.5850 -02 20  2.042 
2024 10 30.587917 23 51 44.5821 -02 20  1.975 
2024 10 30.588727 23 51 44.5825 -02 20  1.979 
2024 10 30.589549 23 51 44.5752 -02 20  2.067 
2024 10 30.590359 23 51 44.5731 -02 20  2.074 
2024 10 30.591181 23 51 44.5670 -02 20  2.121 
2024 10 30.591991 23 51 44.5648 -02 20  2.102 
2024 10 30.593623 23 51 44.5592 -02 20  2.210 
2024 10 30.594444 23 51 44.5547 -02 20  2.148 
2024 10 30.595255 23 51 44.5501 -02 20  2.262 
2024 10 30.596076 23 51 44.5452 -02 20  2.238 
2024 10 30.596887 23 51 44.5428 -02 20  2.279 
2024 10 30.597708 23 51 44.5405 -02 20  2.282 
2024 10 30.598519 23 51 44.5361 -02 20  2.325 
2024 10 30.599340 23 51 44.5342 -02 20  2.251 
2024 10 30.600162 23 51 44.5286 -02 20  2.287 
2024 10 30.600972 23 51 44.5247 -02 20  2.354 
2024 10 30.601794 23 51 44.5205 -02 20  2.416 
2024 10 30.602604 23 51 44.5164 -02 20  2.424 
2024 10 30.603426 23 51 44.5121 -02 20  2.372 
2024 10 30.604236 23 51 44.5119 -02 20  2.414 
2024 10 30.605058 23 51 44.5083 -02 20  2.502 
2024 10 30.605868 23 51 44.5034 -02 20  2.524 
2024 10 30.606690 23 51 44.5004 -02 20  2.491 
2024 10 30.607500 23 51 44.4975 -02 20  2.561 
2024 10 30.608322 23 51 44.4909 -02 20  2.576 
2024 10 30.609132 23 51 44.4914 -02 20  2.548 
2024 10 30.629687 23 51 44.3998 -02 20  3.167 
2024 10 30.633275 23 51 44.3814 -02 20  3.231 
2024 10 30.636875 23 51 44.3643 -02 20  3.381 
2024 10 30.640463 23 51 44.3492 -02 20  3.442 
2024 10 30.647650 23 51 44.3165 -02 20  3.624 
2024 10 30.651250 23 51 44.3032 -02 20  3.674 
2024 10 30.654838 23 51 44.2861 -02 20  3.846 
2024 10 30.662025 23 51 44.2518 -02 20  4.040 
2024 10 30.665625 23 51 44.2371 -02 20  4.060 
2024 11  3.577465 23 51 27.9828 -02 21 43.536 
2024 11  3.578287 23 51 27.9824 -02 21 43.497 
2024 11  3.579097 23 51 27.9763 -02 21 43.595 
2024 11  3.579907 23 51 27.9717 -02 21 43.629 
2024 11  3.580729 23 51 27.9726 -02 21 43.575 
2024 11  3.581539 23 51 27.9667 -02 21 43.635 
2024 11  3.582361 23 51 27.9619 -02 21 43.675 
2024 11  3.583171 23 51 27.9578 -02 21 43.693 
2024 11  3.583981 23 51 27.9532 -02 21 43.702 
2024 11  3.584803 23 51 27.9505 -02 21 43.778 
2024 11  3.585613 23 51 27.9498 -02 21 43.745 
2024 11  3.586424 23 51 27.9480 -02 21 43.684 
2024 11  3.587245 23 51 27.9409 -02 21 43.792 
2024 11  3.588056 23 51 27.9339 -02 21 43.797 
2024 11  3.588877 23 51 27.9344 -02 21 43.798 
2024 11  3.589688 23 51 27.9333 -02 21 43.814 
2024 11  3.590509 23 51 27.9298 -02 21 43.896 
2024 11  3.591319 23 51 27.9272 -02 21 43.847 
2024 11  3.592130 23 51 27.9235 -02 21 43.891 
2024 11  3.592951 23 51 27.9176 -02 21 43.972 
2024 11  3.594583 23 51 27.9146 -02 21 43.925 
2024 11  3.595394 23 51 27.9133 -02 21 43.917 
2024 11  3.597025 23 51 27.9029 -02 21 43.978 
2024 11  3.597836 23 51 27.8983 -02 21 44.025 
2024 11  3.598657 23 51 27.8929 -02 21 44.093 
2024 11  3.599468 23 51 27.8934 -02 21 44.127 
2024 11  3.600289 23 51 27.8895 -02 21 44.070 
2024 11  3.601100 23 51 27.8881 -02 21 44.115 
2024 12  2.555046 23 50 17.4687 -02 28 21.185
2024 12  2.555521 23 50 17.4709 -02 28 21.215
2024 12  2.555984 23 50 17.4677 -02 28 21.179
2024 12  2.556447 23 50 17.4697 -02 28 21.183
2024 12  2.556921 23 50 17.4693 -02 28 21.213
2024 12  2.557384 23 50 17.4677 -02 28 21.215
2024 12  2.557859 23 50 17.4656 -02 28 21.203
2024 12  2.558322 23 50 17.4664 -02 28 21.240
2024 12  2.558785 23 50 17.4662 -02 28 21.196
2024 12  2.559259 23 50 17.4664 -02 28 21.192
2024 12  2.559722 23 50 17.4664 -02 28 21.214
2024 12  2.560197 23 50 17.4655 -02 28 21.199
2024 12  2.560660 23 50 17.4646 -02 28 21.214
2024 12  2.561123 23 50 17.4653 -02 28 21.206
2024 12  2.561597 23 50 17.4657 -02 28 21.218
2024 12  2.562060 23 50 17.4629 -02 28 21.218
2024 12  2.562535 23 50 17.4656 -02 28 21.204
2024 12  2.562998 23 50 17.4652 -02 28 21.209
2024 12  2.563461 23 50 17.4644 -02 28 21.211
2024 12  2.563935 23 50 17.4622 -02 28 21.216
2024 12  2.564410 23 50 17.4636 -02 28 21.212
2024 12  2.564873 23 50 17.4624 -02 28 21.202
2024 12  2.565336 23 50 17.4583 -02 28 21.262
2024 12  2.565810 23 50 17.4594 -02 28 21.256
2024 12  2.566273 23 50 17.4600 -02 28 21.248
2024 12  2.566748 23 50 17.4614 -02 28 21.201
2024 12  2.567211 23 50 17.4606 -02 28 21.207
2024 12  2.567685 23 50 17.4590 -02 28 21.220
2024 12  2.568160 23 50 17.4582 -02 28 21.243
2024 12  2.568623 23 50 17.4567 -02 28 21.267
2024 12  2.569097 23 50 17.4598 -02 28 21.230
2024 12  2.569560 23 50 17.4573 -02 28 21.242
2024 12  2.570035 23 50 17.4582 -02 28 21.237
2024 12  2.570498 23 50 17.4588 -02 28 21.220
2024 12  2.570961 23 50 17.4568 -02 28 21.256
2024 12  2.571435 23 50 17.4575 -02 28 21.251
2024 12  2.571898 23 50 17.4553 -02 28 21.247
2024 12  2.572836 23 50 17.4548 -02 28 21.239
2024 12  2.573310 23 50 17.4547 -02 28 21.224
2024 12  3.514028 23 50 16.8289 -02 28 23.109
2024 12  3.514502 23 50 16.8279 -02 28 23.098
2024 12  3.514965 23 50 16.8269 -02 28 23.123
2024 12  3.515440 23 50 16.8278 -02 28 23.129
2024 12  3.515903 23 50 16.8255 -02 28 23.120
2024 12  3.516366 23 50 16.8259 -02 28 23.111
2024 12  3.516840 23 50 16.8258 -02 28 23.119
2024 12  3.517303 23 50 16.8264 -02 28 23.133
2024 12  3.517778 23 50 16.8269 -02 28 23.128
2024 12  3.518241 23 50 16.8252 -02 28 23.123
2024 12  3.518715 23 50 16.8253 -02 28 23.128
2024 12  3.519178 23 50 16.8244 -02 28 23.156
2024 12  3.519641 23 50 16.8235 -02 28 23.106
2024 12  3.520116 23 50 16.8243 -02 28 23.145
2024 12  3.520579 23 50 16.8246 -02 28 23.144
2024 12  3.521053 23 50 16.8243 -02 28 23.112
2024 12  3.521516 23 50 16.8223 -02 28 23.157
2024 12  3.521979 23 50 16.8226 -02 28 23.142
2024 12  3.522454 23 50 16.8219 -02 28 23.128
2024 12  3.522917 23 50 16.8226 -02 28 23.113
2024 12  3.523391 23 50 16.8218 -02 28 23.094
2024 12  3.523854 23 50 16.8224 -02 28 23.126
2024 12  3.524317 23 50 16.8208 -02 28 23.132
2024 12  3.524792 23 50 16.8205 -02 28 23.090
2024 12  3.525255 23 50 16.8214 -02 28 23.155
2024 12  3.525729 23 50 16.8204 -02 28 23.123
2024 12  3.526192 23 50 16.8200 -02 28 23.100
2024 12  3.526655 23 50 16.8187 -02 28 23.139
2024 12  3.527130 23 50 16.8183 -02 28 23.128
2024 12  3.527593 23 50 16.8204 -02 28 23.130
2024 12  3.528067 23 50 16.8177 -02 28 23.106
2024 12  3.528530 23 50 16.8172 -02 28 23.110
2024 12  3.529468 23 50 16.8173 -02 28 23.122
2024 12  3.529942 23 50 16.8182 -02 28 23.134
2024 12  3.530405 23 50 16.8161 -02 28 23.119
2024 12  3.530880 23 50 16.8165 -02 28 23.168
2024 12  3.531343 23 50 16.8172 -02 28 23.113
2024 12  3.531817 23 50 16.8160 -02 28 23.129
2024 12  3.532280 23 50 16.8162 -02 28 23.119
2024 12  3.565382 23 50 16.7904 -02 28 23.158
2024 12  3.567581 23 50 16.7902 -02 28 23.191
2024 12  4.534907 23 50 16.2675 -02 28 24.293 
2024 12  4.535718 23 50 16.2653 -02 28 24.277 
2024 12  4.536539 23 50 16.2659 -02 28 24.332 
2024 12  4.537350 23 50 16.2642 -02 28 24.337 
2024 12  4.538171 23 50 16.2641 -02 28 24.298 
2024 12  4.538981 23 50 16.2640 -02 28 24.267 
2024 12  4.539803 23 50 16.2644 -02 28 24.287 
2024 12  4.540625 23 50 16.2637 -02 28 24.319 
2024 12  4.541435 23 50 16.2624 -02 28 24.287 
2024 12  4.542257 23 50 16.2636 -02 28 24.297 
2024 12  4.543067 23 50 16.2621 -02 28 24.285 
2024 12  4.543889 23 50 16.2612 -02 28 24.296 
2024 12  4.544699 23 50 16.2625 -02 28 24.319 
2024 12  4.545521 23 50 16.2599 -02 28 24.305 
2024 12  4.546331 23 50 16.2615 -02 28 24.300 
2024 12  4.547153 23 50 16.2597 -02 28 24.313 
2024 12  4.547963 23 50 16.2584 -02 28 24.301 
2024 12  4.548785 23 50 16.2596 -02 28 24.305 
2024 12  4.549595 23 50 16.2599 -02 28 24.292 
2024 12  4.550417 23 50 16.2579 -02 28 24.284 
2024 12  4.551227 23 50 16.2579 -02 28 24.283 
2024 12  4.552049 23 50 16.2557 -02 28 24.309 
2024 12  4.552870 23 50 16.2568 -02 28 24.303 
2024 12  4.553681 23 50 16.2575 -02 28 24.288 
2024 12  4.554502 23 50 16.2540 -02 28 24.287 
2024 12  4.556134 23 50 16.2572 -02 28 24.309 
2024 12  4.556944 23 50 16.2548 -02 28 24.326 
2024 12  4.560208 23 50 16.2524 -02 28 24.305 
2024 12  4.565116 23 50 16.2501 -02 28 24.333 
2024 12  4.565926 23 50 16.2503 -02 28 24.284 
2024 12  4.570590 23 50 16.2488 -02 28 24.288    









































































































































































































































































































