ABS 	data_type       	    #ABS (absolute), REL (tangential), DIF (differential coorinates) or CPV (camera pointing vector)
Triton 	moon_entry         	    #Target body
0		time_entry             	#First time entry
3		amount_time_entries  	#Amount of time entries
DATE    time_type          	    #JD, MJD, J2000, DATE, MINsinceJDaddingtheJD
utc		time_scale		        #time scale,lower case
0		time_delta          	#hours away from standard time scale (i.e. utc-3 is -3)
3		RA_entry           	    #First RA or X entry
6		DEC_entry             	#First DEC or Y entry
1		number_observatories  	#Amount of observatories, needs extra definition which one if 1
286		observatory       	    #Ignored if more than 1 observatory
0		observatory_entrace	    #Ignored if 1 observatory
8		relative_body_entry  	#Ignored if ABS, can either be a name or entry position
False	process_relative        #Switch for processing relative observations or not
J2000   Epoch of equinox        #J2000, B1950
Neptune central_body            #name or number
2020 10 24.583229 23 18 23.3947 -05 41 13.917 
2020 10 24.583866 23 18 23.3890 -05 41 13.960 
2020 10 24.584502 23 18 23.3862 -05 41 13.990 
2020 10 24.585139 23 18 23.3814 -05 41 14.018 
2020 10 24.585775 23 18 23.3800 -05 41 14.012 
2020 10 24.587049 23 18 23.3728 -05 41 14.077 
2020 10 24.588322 23 18 23.3663 -05 41 14.077 
2020 10 24.588958 23 18 23.3645 -05 41 14.123 
2020 10 24.589595 23 18 23.3596 -05 41 14.139 
2020 10 24.590231 23 18 23.3583 -05 41 14.131 
2020 10 24.590868 23 18 23.3544 -05 41 14.176 
2020 10 24.591505 23 18 23.3507 -05 41 14.148 
2020 10 24.592141 23 18 23.3472 -05 41 14.220 
2020 10 24.592778 23 18 23.3456 -05 41 14.219 
2020 10 24.593414 23 18 23.3400 -05 41 14.291 
2020 10 24.594051 23 18 23.3389 -05 41 14.262 
2020 10 24.594687 23 18 23.3347 -05 41 14.243 
2020 10 24.595324 23 18 23.3310 -05 41 14.289 
2020 10 24.595961 23 18 23.3271 -05 41 14.303 
2020 10 24.597234 23 18 23.3217 -05 41 14.363 
2020 10 24.597859 23 18 23.3214 -05 41 14.350 
2020 10 24.598495 23 18 23.3151 -05 41 14.411 
2020 10 24.599132 23 18 23.3118 -05 41 14.403 
2020 10 24.599769 23 18 23.3103 -05 41 14.426 
2020 10 24.600405 23 18 23.3068 -05 41 14.436 
2020 10 24.601042 23 18 23.3011 -05 41 14.524 
2020 10 24.602060 23 18 23.2975 -05 41 14.495 
2020 10 24.602697 23 18 23.2948 -05 41 14.513 
2020 10 24.603333 23 18 23.2901 -05 41 14.516 
2020 10 24.603970 23 18 23.2873 -05 41 14.561 
2020 10 24.604606 23 18 23.2839 -05 41 14.561 
2020 10 24.605243 23 18 23.2813 -05 41 14.599 
2020 10 24.605880 23 18 23.2792 -05 41 14.670 
2020 10 24.606516 23 18 23.2736 -05 41 14.638 
2020 10 24.607153 23 18 23.2719 -05 41 14.644 
2020 10 24.607789 23 18 23.2673 -05 41 14.603 
2020 10 24.608426 23 18 23.2674 -05 41 14.685 
2020 10 24.609063 23 18 23.2637 -05 41 14.673 
2020 10 24.609687 23 18 23.2601 -05 41 14.729 
2020 10 24.611597 23 18 23.2506 -05 41 14.785 
2020 10 24.612234 23 18 23.2461 -05 41 14.807 
2020 10 24.612963 23 18 23.2445 -05 41 14.799 
2020 10 24.613600 23 18 23.2407 -05 41 14.802 
2020 10 24.614236 23 18 23.2357 -05 41 14.873 
2020 10 24.614861 23 18 23.2327 -05 41 14.874 
2020 10 24.615498 23 18 23.2310 -05 41 14.853 
2020 10 24.616134 23 18 23.2254 -05 41 14.941 
2020 10 24.616771 23 18 23.2250 -05 41 14.921 
2020 10 24.617407 23 18 23.2215 -05 41 14.975 
2020 10 24.618044 23 18 23.2165 -05 41 14.992 
2020 10 24.618681 23 18 23.2143 -05 41 14.971 
2020 10 24.619954 23 18 23.2075 -05 41 15.020 
2020 10 24.620590 23 18 23.2037 -05 41 15.048 
2020 10 24.692095 23 18 22.8434 -05 41 17.102 
2020 10 24.692384 23 18 22.8428 -05 41 17.091 
2020 10 24.692674 23 18 22.8412 -05 41 17.064 
2020 10 24.692963 23 18 22.8414 -05 41 17.098 
2020 10 24.693252 23 18 22.8374 -05 41 17.082 
2020 10 24.693542 23 18 22.8365 -05 41 17.127 
2020 10 24.693831 23 18 22.8366 -05 41 17.126 
2020 10 24.694120 23 18 22.8329 -05 41 17.137 
2020 10 24.694410 23 18 22.8337 -05 41 17.142 
2020 10 24.694699 23 18 22.8297 -05 41 17.204 
2020 10 24.694988 23 18 22.8304 -05 41 17.123 
2020 10 24.695278 23 18 22.8281 -05 41 17.202 
2020 10 24.695567 23 18 22.8278 -05 41 17.139 
2020 10 24.695856 23 18 22.8273 -05 41 17.191 
2020 10 24.696146 23 18 22.8233 -05 41 17.171 
2020 10 24.696435 23 18 22.8223 -05 41 17.152 
2020 10 24.696725 23 18 22.8216 -05 41 17.183 
2020 10 24.697014 23 18 22.8188 -05 41 17.194 
2020 10 24.697303 23 18 22.8154 -05 41 17.251 
2020 10 24.697882 23 18 22.8159 -05 41 17.220 
2020 10 24.698171 23 18 22.8137 -05 41 17.290 
2020 10 24.698449 23 18 22.8126 -05 41 17.265 
2020 10 24.698738 23 18 22.8122 -05 41 17.205 
2020 10 24.699028 23 18 22.8093 -05 41 17.268 
2020 10 24.699317 23 18 22.8074 -05 41 17.249 
2020 10 24.699896 23 18 22.8047 -05 41 17.306 
2020 10 24.700185 23 18 22.8030 -05 41 17.319 
2020 10 24.700475 23 18 22.8026 -05 41 17.327 
2020 10 24.700764 23 18 22.8013 -05 41 17.328 
2020 10 24.701053 23 18 22.7986 -05 41 17.367 
2020 10 24.701343 23 18 22.7953 -05 41 17.388 
2020 10 24.701632 23 18 22.7941 -05 41 17.356 
2020 10 24.701921 23 18 22.7930 -05 41 17.390 
2020 10 24.702211 23 18 22.7920 -05 41 17.410 
2020 10 24.702500 23 18 22.7923 -05 41 17.391 
2020 10 24.702789 23 18 22.7903 -05 41 17.356 
2020 10 24.703356 23 18 22.7878 -05 41 17.384 
2020 10 24.703646 23 18 22.7862 -05 41 17.439 
2020 10 24.703935 23 18 22.7855 -05 41 17.426 
2020 10 24.704225 23 18 22.7844 -05 41 17.390 
2020 10 24.704514 23 18 22.7831 -05 41 17.378 
2020 10 24.704803 23 18 22.7816 -05 41 17.447 
2020 10 24.705093 23 18 22.7773 -05 41 17.427
2020 11 13.528843 23 17 22.0692 -05 46 48.821  
2020 11 13.529647 23 17 22.0702 -05 46 48.836 
2020 11 13.530226 23 17 22.0698 -05 46 48.859 
2020 11 13.531962 23 17 22.0664 -05 46 48.827 
2020 11 13.532541 23 17 22.0625 -05 46 48.826 
2020 11 13.533698 23 17 22.0668 -05 46 48.789 
2020 11 13.534277 23 17 22.0630 -05 46 48.816 
2020 11 13.534855 23 17 22.0659 -05 46 48.815 
2020 11 13.535434 23 17 22.0612 -05 46 48.829 
2020 11 13.536591 23 17 22.0607 -05 46 48.816 
2020 11 13.537170 23 17 22.0588 -05 46 48.844 
2020 11 13.538328 23 17 22.0572 -05 46 48.811 
2020 11 13.538906 23 17 22.0576 -05 46 48.782 
2020 11 13.539485 23 17 22.0566 -05 46 48.804 
2020 11 13.540064 23 17 22.0543 -05 46 48.831 
2020 11 13.540642 23 17 22.0540 -05 46 48.811 
2020 11 13.541221 23 17 22.0539 -05 46 48.808 
2020 11 13.541800 23 17 22.0529 -05 46 48.776 
2020 11 13.542957 23 17 22.0514 -05 46 48.807 
2020 11 13.543536 23 17 22.0505 -05 46 48.805 
2020 11 13.544115 23 17 22.0497 -05 46 48.783 
2020 11 13.544693 23 17 22.0476 -05 46 48.789 
2020 11 13.545260 23 17 22.0489 -05 46 48.778 
2020 11 13.545839 23 17 22.0486 -05 46 48.821 
2020 11 13.546418 23 17 22.0475 -05 46 48.791 
2020 11 13.546997 23 17 22.0461 -05 46 48.778 
2020 11 13.547575 23 17 22.0440 -05 46 48.813 
2020 11 13.548154 23 17 22.0427 -05 46 48.787 
2020 11 13.548733 23 17 22.0437 -05 46 48.773 
2020 11 13.549311 23 17 22.0437 -05 46 48.817 
2020 11 13.549890 23 17 22.0422 -05 46 48.773 
2020 11 13.550469 23 17 22.0394 -05 46 48.758 
2020 11 13.551047 23 17 22.0406 -05 46 48.775 
2020 11 13.551626 23 17 22.0393 -05 46 48.773 
2020 11 13.552205 23 17 22.0376 -05 46 48.766 
2020 11 13.552784 23 17 22.0405 -05 46 48.817 
2020 11 13.553362 23 17 22.0376 -05 46 48.793 
2020 11 13.553941 23 17 22.0364 -05 46 48.794 
2020 11 13.554520 23 17 22.0352 -05 46 48.782 
2020 11 13.555098 23 17 22.0346 -05 46 48.772 
2020 11 13.555677 23 17 22.0355 -05 46 48.803 
2020 11 13.556256 23 17 22.0345 -05 46 48.752 
2020 11 13.556834 23 17 22.0306 -05 46 48.770 
2020 11 13.557413 23 17 22.0312 -05 46 48.784 
2020 11 13.557992 23 17 22.0329 -05 46 48.785 
2020 11 13.558571 23 17 22.0303 -05 46 48.760 
2020 11 13.559149 23 17 22.0302 -05 46 48.758 
2020 11 13.559716 23 17 22.0305 -05 46 48.782 
2020 11 13.560295 23 17 22.0277 -05 46 48.756 
2020 11 13.560874 23 17 22.0292 -05 46 48.775 
2020 11 13.561453 23 17 22.0241 -05 46 48.764 
2020 11 13.562031 23 17 22.0243 -05 46 48.762 
2020 11 13.563189 23 17 22.0237 -05 46 48.727 
2020 11 13.563767 23 17 22.0239 -05 46 48.792 
2020 11 13.564346 23 17 22.0208 -05 46 48.782 
2020 11 13.564925 23 17 22.0216 -05 46 48.759 
2020 11 13.565503 23 17 22.0201 -05 46 48.766 
2020 11 13.567818 23 17 22.0170 -05 46 48.759 
2020 11 13.568397 23 17 22.0162 -05 46 48.797 
2020 11 13.568976 23 17 22.0163 -05 46 48.759 
2020 11 13.569554 23 17 22.0167 -05 46 48.748 
2020 11 13.570133 23 17 22.0152 -05 46 48.742 
2020 11 13.571291 23 17 22.0159 -05 46 48.694 
2020 11 13.571869 23 17 22.0142 -05 46 48.750 
2020 11 13.572448 23 17 22.0140 -05 46 48.723 
2020 11 13.573015 23 17 22.0110 -05 46 48.719 
2020 11 13.573594 23 17 22.0094 -05 46 48.778 
2020 11 13.574172 23 17 22.0094 -05 46 48.733 
2020 11 13.575330 23 17 22.0081 -05 46 48.724 
2020 11 13.575909 23 17 22.0092 -05 46 48.705 
2020 11 13.576487 23 17 22.0060 -05 46 48.721 
2020 11 13.577066 23 17 22.0083 -05 46 48.725 
2020 11 13.578223 23 17 22.0074 -05 46 48.700 
2020 11 13.578802 23 17 22.0046 -05 46 48.726 
2020 11 13.579381 23 17 22.0038 -05 46 48.712 
2020 11 13.580538 23 17 22.0022 -05 46 48.736 
2020 11 13.581696 23 17 21.9979 -05 46 48.700 
2020 11 13.582274 23 17 22.0023 -05 46 48.708 
2020 11 13.583432 23 17 21.9994 -05 46 48.743 
2020 11 13.584010 23 17 21.9958 -05 46 48.683 
2020 11 13.585168 23 17 21.9974 -05 46 48.700 
2020 11 13.585747 23 17 21.9975 -05 46 48.696 
2020 11 13.586904 23 17 21.9971 -05 46 48.696 
2020 11 13.587483 23 17 21.9925 -05 46 48.689 
2020 11 13.588061 23 17 21.9910 -05 46 48.718 
2020 11 13.588628 23 17 21.9924 -05 46 48.697 
2020 11 13.589207 23 17 21.9919 -05 46 48.714 
2020 11 13.589786 23 17 21.9914 -05 46 48.664 
2020 11 13.590365 23 17 21.9867 -05 46 48.734 
2020 11 13.590943 23 17 21.9865 -05 46 48.729 
2020 11 13.591522 23 17 21.9897 -05 46 48.660 
2020 11 13.592101 23 17 21.9864 -05 46 48.705 
2020 11 13.592679 23 17 21.9872 -05 46 48.654 
2020 11 13.593258 23 17 21.9849 -05 46 48.673 
2020 11 13.593837 23 17 21.9837 -05 46 48.711 
2020 11 13.594994 23 17 21.9844 -05 46 48.687 
2020 11 13.595573 23 17 21.9827 -05 46 48.645 
2020 11 13.596730 23 17 21.9787 -05 46 48.708 
2020 11 13.597309 23 17 21.9776 -05 46 48.646 
2020 11 13.597888 23 17 21.9796 -05 46 48.650 
2020 11 13.599045 23 17 21.9798 -05 46 48.658 
2020 11 13.600203 23 17 21.9765 -05 46 48.689 
2020 11 13.600781 23 17 21.9779 -05 46 48.666 
2020 11 13.601360 23 17 21.9758 -05 46 48.666 
2020 11 13.601939 23 17 21.9729 -05 46 48.686 
2020 11 13.602506 23 17 21.9741 -05 46 48.648 
2020 11 13.603084 23 17 21.9745 -05 46 48.675 
2020 11 13.603663 23 17 21.9724 -05 46 48.656 
2020 11 13.604821 23 17 21.9711 -05 46 48.658 
2020 11 13.605399 23 17 21.9688 -05 46 48.638 
2020 11 13.605978 23 17 21.9707 -05 46 48.640 
2020 11 13.606557 23 17 21.9703 -05 46 48.648 
2020 11 13.607135 23 17 21.9686 -05 46 48.614 
2020 11 13.607714 23 17 21.9665 -05 46 48.664 
2020 11 13.608293 23 17 21.9667 -05 46 48.651 
2020 11 13.608872 23 17 21.9686 -05 46 48.658 
2020 11 13.609450 23 17 21.9667 -05 46 48.624 
2020 11 13.610029 23 17 21.9670 -05 46 48.651 
2020 11 13.610608 23 17 21.9640 -05 46 48.660 
2020 11 13.611765 23 17 21.9610 -05 46 48.628 
2020 11 13.612344 23 17 21.9627 -05 46 48.668 
2020 11 13.612922 23 17 21.9576 -05 46 48.622 
2020 11 13.613501 23 17 21.9625 -05 46 48.644 
2020 11 13.614080 23 17 21.9602 -05 46 48.659 
2020 11 13.614659 23 17 21.9589 -05 46 48.622 
2020 11 13.615237 23 17 21.9556 -05 46 48.644 
2020 11 13.616395 23 17 21.9552 -05 46 48.633 
2020 11 13.616973 23 17 21.9549 -05 46 48.611 
2020 11 13.618131 23 17 21.9533 -05 46 48.609 
2020 11 13.618698 23 17 21.9517 -05 46 48.676 
2020 11 13.619277 23 17 21.9542 -05 46 48.630 
2020 11 13.619855 23 17 21.9532 -05 46 48.590 
2020 11 13.621013 23 17 21.9499 -05 46 48.641 
2020 11 13.621591 23 17 21.9499 -05 46 48.655 
2020 11 13.622170 23 17 21.9492 -05 46 48.648 
2020 11 13.622749 23 17 21.9504 -05 46 48.583 
2020 11 13.623906 23 17 21.9456 -05 46 48.611 
2020 11 13.624485 23 17 21.9460 -05 46 48.592 
2020 11 14.535932 23 17 20.9977 -05 46 52.266
2020 11 14.536510 23 17 20.9979 -05 46 52.253
2020 11 14.537089 23 17 20.9959 -05 46 52.246
2020 11 14.537668 23 17 20.9966 -05 46 52.281
2020 11 14.538247 23 17 20.9954 -05 46 52.253
2020 11 14.538825 23 17 20.9927 -05 46 52.254
2020 11 14.539404 23 17 20.9937 -05 46 52.292
2020 11 14.539983 23 17 20.9916 -05 46 52.262
2020 11 14.540561 23 17 20.9927 -05 46 52.309
2020 11 14.541140 23 17 20.9935 -05 46 52.331
2020 11 14.541719 23 17 20.9905 -05 46 52.306
2020 11 14.542297 23 17 20.9894 -05 46 52.330
2020 11 14.542876 23 17 20.9899 -05 46 52.326
2020 11 14.543455 23 17 20.9893 -05 46 52.306
2020 11 14.544034 23 17 20.9890 -05 46 52.308
2020 11 14.544612 23 17 20.9897 -05 46 52.371
2020 11 14.545191 23 17 20.9869 -05 46 52.397
2020 11 14.545770 23 17 20.9853 -05 46 52.323
2020 11 14.546337 23 17 20.9870 -05 46 52.336
2020 11 14.546916 23 17 20.9840 -05 46 52.354
2020 11 14.547494 23 17 20.9831 -05 46 52.344
2020 11 14.548073 23 17 20.9842 -05 46 52.439
2020 11 14.548652 23 17 20.9818 -05 46 52.400
2020 11 14.549230 23 17 20.9822 -05 46 52.386
2020 11 14.549809 23 17 20.9806 -05 46 52.432
2020 11 14.550388 23 17 20.9790 -05 46 52.398
2020 11 14.550966 23 17 20.9831 -05 46 52.406
2020 11 14.551545 23 17 20.9787 -05 46 52.410
2020 11 14.552124 23 17 20.9781 -05 46 52.446
2020 11 14.552703 23 17 20.9792 -05 46 52.445
2020 11 14.553281 23 17 20.9782 -05 46 52.487
2020 11 14.553860 23 17 20.9798 -05 46 52.477
2020 11 14.554439 23 17 20.9737 -05 46 52.440
2020 11 14.555017 23 17 20.9755 -05 46 52.471
2020 11 14.555596 23 17 20.9759 -05 46 52.511
2020 11 14.556163 23 17 20.9755 -05 46 52.544
2020 11 14.556742 23 17 20.9729 -05 46 52.495
2020 11 14.557321 23 17 20.9765 -05 46 52.545
2020 11 14.557899 23 17 20.9721 -05 46 52.495
2020 11 14.558478 23 17 20.9742 -05 46 52.537
2020 11 14.559057 23 17 20.9718 -05 46 52.551
2020 11 14.560214 23 17 20.9727 -05 46 52.552
2020 11 14.560793 23 17 20.9684 -05 46 52.534
2020 11 14.561372 23 17 20.9705 -05 46 52.563
2020 11 14.561950 23 17 20.9674 -05 46 52.543
2020 11 14.562529 23 17 20.9686 -05 46 52.553
2020 11 14.563108 23 17 20.9664 -05 46 52.585
2020 11 14.564265 23 17 20.9633 -05 46 52.570
2020 11 14.565422 23 17 20.9617 -05 46 52.592
2020 11 14.566001 23 17 20.9616 -05 46 52.596
2020 11 14.567147 23 17 20.9609 -05 46 52.604
2020 11 14.567726 23 17 20.9616 -05 46 52.559
2020 11 14.568304 23 17 20.9574 -05 46 52.612
2020 11 14.568883 23 17 20.9578 -05 46 52.621
2020 11 14.569462 23 17 20.9556 -05 46 52.607
2020 11 14.570041 23 17 20.9547 -05 46 52.656
2020 11 14.570619 23 17 20.9592 -05 46 52.713
2020 11 14.571198 23 17 20.9577 -05 46 52.659
2020 11 14.571777 23 17 20.9567 -05 46 52.685
2020 11 14.572355 23 17 20.9526 -05 46 52.666
2020 11 14.572934 23 17 20.9541 -05 46 52.689
2020 11 14.573513 23 17 20.9561 -05 46 52.650
2020 11 14.574091 23 17 20.9512 -05 46 52.713
2020 11 14.574670 23 17 20.9545 -05 46 52.696
2020 11 14.575249 23 17 20.9501 -05 46 52.670
2020 11 14.575828 23 17 20.9477 -05 46 52.671
2020 11 14.576406 23 17 20.9518 -05 46 52.724
2020 11 14.576985 23 17 20.9477 -05 46 52.720
2020 11 14.577564 23 17 20.9485 -05 46 52.723
2020 11 14.578142 23 17 20.9479 -05 46 52.732
2020 11 14.578721 23 17 20.9475 -05 46 52.763
2020 11 14.579867 23 17 20.9451 -05 46 52.772
2020 11 14.580446 23 17 20.9453 -05 46 52.779
2020 11 14.581024 23 17 20.9455 -05 46 52.775
2020 11 14.581603 23 17 20.9445 -05 46 52.775
2020 11 14.582182 23 17 20.9414 -05 46 52.811
2020 11 14.582760 23 17 20.9444 -05 46 52.823
2020 11 14.583339 23 17 20.9431 -05 46 52.811
2020 11 14.583918 23 17 20.9411 -05 46 52.794
2020 11 14.584497 23 17 20.9396 -05 46 52.803
2020 11 14.585654 23 17 20.9378 -05 46 52.851
2020 11 14.586811 23 17 20.9366 -05 46 52.853
2020 11 14.587390 23 17 20.9370 -05 46 52.851
2020 11 14.587969 23 17 20.9344 -05 46 52.873
2020 11 14.588547 23 17 20.9347 -05 46 52.907
2020 11 14.589126 23 17 20.9368 -05 46 52.894
2020 11 14.589705 23 17 20.9342 -05 46 52.900
2020 11 14.590284 23 17 20.9328 -05 46 52.890
2020 11 14.590862 23 17 20.9339 -05 46 52.900
2020 11 14.591441 23 17 20.9326 -05 46 52.857
2020 11 14.592008 23 17 20.9309 -05 46 52.902
2020 11 14.592587 23 17 20.9313 -05 46 52.889
2020 11 14.593744 23 17 20.9282 -05 46 52.890
2020 11 14.594323 23 17 20.9285 -05 46 52.927
2020 11 14.594902 23 17 20.9277 -05 46 52.962
2020 11 14.595480 23 17 20.9264 -05 46 52.937
2020 11 14.596059 23 17 20.9280 -05 46 52.974
2020 11 14.596638 23 17 20.9262 -05 46 52.957
2020 11 14.597216 23 17 20.9247 -05 46 52.955
2020 11 14.597795 23 17 20.9253 -05 46 52.994
2020 11 14.598374 23 17 20.9219 -05 46 52.970
2020 11 14.598953 23 17 20.9244 -05 46 53.002
2020 11 14.599531 23 17 20.9227 -05 46 53.010
2020 11 14.600110 23 17 20.9207 -05 46 52.965
2020 11 14.600689 23 17 20.9209 -05 46 53.004
2020 11 14.601846 23 17 20.9187 -05 46 53.079
2020 11 14.602425 23 17 20.9198 -05 46 53.028
2020 11 14.603003 23 17 20.9196 -05 46 53.070
2020 11 14.603582 23 17 20.9182 -05 46 53.047
2020 11 14.604728 23 17 20.9156 -05 46 53.070
2020 11 14.605307 23 17 20.9156 -05 46 53.014
2020 11 14.605885 23 17 20.9164 -05 46 53.086
2020 11 14.606464 23 17 20.9155 -05 46 53.091
2020 11 14.607043 23 17 20.9154 -05 46 53.146
2020 11 14.607622 23 17 20.9124 -05 46 53.094
2020 11 14.608200 23 17 20.9138 -05 46 53.081
2020 11 14.608779 23 17 20.9107 -05 46 53.128
2020 11 14.609358 23 17 20.9097 -05 46 53.098
2020 11 14.609936 23 17 20.9101 -05 46 53.153
2020 11 14.610515 23 17 20.9112 -05 46 53.154
2020 11 14.611094 23 17 20.9096 -05 46 53.144
2020 11 14.611672 23 17 20.9093 -05 46 53.188
2020 11 14.612251 23 17 20.9072 -05 46 53.176
2020 11 14.612830 23 17 20.9070 -05 46 53.163
2020 11 14.613409 23 17 20.9039 -05 46 53.190
2020 11 14.613987 23 17 20.9044 -05 46 53.160
2020 11 14.615145 23 17 20.9056 -05 46 53.210
2020 11 14.615712 23 17 20.9050 -05 46 53.209
2020 11 14.616869 23 17 20.9027 -05 46 53.240
2020 11 14.617448 23 17 20.8990 -05 46 53.243
2020 11 14.618027 23 17 20.9019 -05 46 53.236
2020 11 14.618605 23 17 20.8990 -05 46 53.229
2020 11 14.619184 23 17 20.9000 -05 46 53.278
2020 11 14.619763 23 17 20.9007 -05 46 53.279
2020 11 14.620341 23 17 20.8986 -05 46 53.296
2020 11 14.621499 23 17 20.8966 -05 46 53.289
2020 11 14.622078 23 17 20.8972 -05 46 53.334
2020 11 14.623235 23 17 20.8939 -05 46 53.290
2020 11 14.623814 23 17 20.8950 -05 46 53.328
2020 11 14.624392 23 17 20.8924 -05 46 53.338
2020 11 14.624971 23 17 20.8907 -05 46 53.348
2020 11 14.625550 23 17 20.8944 -05 46 53.351
2020 11 15.490145 23 17 19.7306 -05 47  9.555
2020 11 15.493617 23 17 19.7246 -05 47  9.631
2020 11 15.494196 23 17 19.7241 -05 47  9.631
2020 11 15.494774 23 17 19.7226 -05 47  9.676
2020 11 15.495353 23 17 19.7194 -05 47  9.677
2020 11 15.496510 23 17 19.7184 -05 47  9.671
2020 11 15.498247 23 17 19.7155 -05 47  9.751
2020 11 15.498825 23 17 19.7147 -05 47  9.737
2020 11 15.499404 23 17 19.7117 -05 47  9.782
2020 11 15.499983 23 17 19.7132 -05 47  9.818
2020 11 15.500550 23 17 19.7120 -05 47  9.757
2020 11 15.501128 23 17 19.7117 -05 47  9.801
2020 11 15.502286 23 17 19.7073 -05 47  9.839
2020 11 15.502865 23 17 19.7065 -05 47  9.842
2020 11 15.503443 23 17 19.7053 -05 47  9.848
2020 11 15.504601 23 17 19.7049 -05 47  9.900
2020 11 15.505179 23 17 19.7009 -05 47  9.919
2020 11 15.505758 23 17 19.7029 -05 47  9.895
2020 11 15.506337 23 17 19.6993 -05 47  9.898
2020 11 15.506916 23 17 19.6991 -05 47  9.940
2020 11 15.507494 23 17 19.7008 -05 47  9.955
2020 11 15.508073 23 17 19.6974 -05 47  9.969
2020 11 15.508652 23 17 19.6981 -05 47  9.994
2020 11 15.509230 23 17 19.6950 -05 47 10.010
2020 11 15.509809 23 17 19.6961 -05 47  9.991
2020 11 15.510388 23 17 19.6924 -05 47 10.027
2020 11 15.510966 23 17 19.6917 -05 47 10.001
2020 11 15.511545 23 17 19.6906 -05 47 10.042
2020 11 15.512703 23 17 19.6897 -05 47 10.081
2020 11 15.513281 23 17 19.6886 -05 47 10.081
2020 11 15.513860 23 17 19.6879 -05 47 10.073
2020 11 15.514439 23 17 19.6858 -05 47 10.082
2020 11 15.516163 23 17 19.6845 -05 47 10.173
2020 11 15.516742 23 17 19.6838 -05 47 10.209
2020 11 15.517321 23 17 19.6846 -05 47 10.215
2020 11 15.518478 23 17 19.6800 -05 47 10.204
2020 11 15.519057 23 17 19.6802 -05 47 10.209
2020 11 15.519635 23 17 19.6766 -05 47 10.164
2020 11 15.520214 23 17 19.6783 -05 47 10.291
2020 11 15.521372 23 17 19.6750 -05 47 10.229
2020 11 15.521950 23 17 19.6741 -05 47 10.271
2020 11 15.522529 23 17 19.6745 -05 47 10.324
2020 11 15.523686 23 17 19.6703 -05 47 10.370
2020 11 15.524265 23 17 19.6705 -05 47 10.361
2020 11 15.524844 23 17 19.6682 -05 47 10.337
2020 11 15.525422 23 17 19.6644 -05 47 10.364
2020 11 15.526001 23 17 19.6669 -05 47 10.408
2020 11 15.526580 23 17 19.6658 -05 47 10.383
2020 11 15.527147 23 17 19.6619 -05 47 10.422
2020 11 15.527726 23 17 19.6652 -05 47 10.467
2020 11 15.528304 23 17 19.6621 -05 47 10.461
2020 11 15.528883 23 17 19.6618 -05 47 10.466
2020 11 15.529462 23 17 19.6595 -05 47 10.457
2020 11 15.532934 23 17 19.6542 -05 47 10.567
2020 11 15.533513 23 17 19.6520 -05 47 10.571
2020 11 15.534091 23 17 19.6526 -05 47 10.584
2020 11 15.534670 23 17 19.6500 -05 47 10.558
2020 11 15.535249 23 17 19.6451 -05 47 10.562
2020 11 15.535828 23 17 19.6446 -05 47 10.643
2020 11 15.536406 23 17 19.6483 -05 47 10.592
2020 11 15.536985 23 17 19.6460 -05 47 10.689
2020 11 15.538131 23 17 19.6453 -05 47 10.698
2020 11 15.538709 23 17 19.6406 -05 47 10.665
2020 11 15.539288 23 17 19.6401 -05 47 10.673
2020 11 15.540446 23 17 19.6392 -05 47 10.769
2020 11 15.541024 23 17 19.6375 -05 47 10.753
2020 11 15.583756 23 17 19.5597 -05 47 11.749
2020 11 15.584334 23 17 19.5587 -05 47 11.773
2020 11 15.588385 23 17 19.5502 -05 47 11.851
2020 11 15.589543 23 17 19.5467 -05 47 11.912
2020 11 15.591279 23 17 19.5423 -05 47 11.913
2020 11 15.591858 23 17 19.5432 -05 47 11.958
2020 11 16.489554 23 17 17.6807 -05 47 33.648
2020 11 16.491291 23 17 17.6759 -05 47 33.631
2020 11 16.491869 23 17 17.6754 -05 47 33.648
2020 11 16.492448 23 17 17.6719 -05 47 33.659
2020 11 16.493027 23 17 17.6730 -05 47 33.677
2020 11 16.494184 23 17 17.6726 -05 47 33.739
2020 11 16.494763 23 17 17.6662 -05 47 33.698
2020 11 16.495341 23 17 17.6675 -05 47 33.740
2020 11 16.495920 23 17 17.6675 -05 47 33.740
2020 11 16.496499 23 17 17.6638 -05 47 33.708
2020 11 16.497078 23 17 17.6605 -05 47 33.777
2020 11 16.497656 23 17 17.6637 -05 47 33.751
2020 11 16.498235 23 17 17.6596 -05 47 33.769
2020 11 16.499971 23 17 17.6554 -05 47 33.828
2020 11 16.501128 23 17 17.6517 -05 47 33.906
2020 11 16.501696 23 17 17.6507 -05 47 33.897
2020 11 16.502274 23 17 17.6516 -05 47 33.924
2020 11 16.502853 23 17 17.6485 -05 47 33.900
2020 11 16.504589 23 17 17.6428 -05 47 33.978
2020 11 16.505168 23 17 17.6408 -05 47 33.922
2020 11 16.505747 23 17 17.6452 -05 47 33.937
2020 11 16.506325 23 17 17.6417 -05 47 33.957
2020 11 16.530041 23 17 17.5803 -05 47 34.539
2020 11 16.530619 23 17 17.5776 -05 47 34.541
2020 11 16.531198 23 17 17.5768 -05 47 34.512
2020 11 16.531777 23 17 17.5766 -05 47 34.493
2020 11 16.532355 23 17 17.5756 -05 47 34.525
2020 11 16.533513 23 17 17.5709 -05 47 34.550
2020 11 16.534670 23 17 17.5704 -05 47 34.557
2020 11 16.535249 23 17 17.5713 -05 47 34.580
2020 11 16.535816 23 17 17.5672 -05 47 34.656
2020 11 16.536395 23 17 17.5685 -05 47 34.629
2020 11 16.536973 23 17 17.5614 -05 47 34.687
2020 11 16.537552 23 17 17.5642 -05 47 34.595
2020 11 16.538131 23 17 17.5613 -05 47 34.645
2020 11 16.539288 23 17 17.5571 -05 47 34.665
2020 11 16.539867 23 17 17.5573 -05 47 34.699
2020 11 16.540446 23 17 17.5579 -05 47 34.712
2020 11 16.541024 23 17 17.5564 -05 47 34.711
2020 11 16.541603 23 17 17.5542 -05 47 34.665
2020 11 16.542760 23 17 17.5480 -05 47 34.762
2020 11 16.543339 23 17 17.5531 -05 47 34.753
2020 11 16.544497 23 17 17.5473 -05 47 34.857
2020 11 16.545075 23 17 17.5492 -05 47 34.805
2020 11 16.545654 23 17 17.5394 -05 47 34.809
2020 11 16.547390 23 17 17.5438 -05 47 34.835
2020 11 16.547969 23 17 17.5316 -05 47 34.854
2020 11 16.548547 23 17 17.5348 -05 47 34.954
2020 11 16.549693 23 17 17.5324 -05 47 34.901
2020 11 16.550851 23 17 17.5295 -05 47 34.889
2020 11 16.551429 23 17 17.5274 -05 47 34.938
2020 11 16.552008 23 17 17.5259 -05 47 34.985
2020 11 16.558374 23 17 17.5118 -05 47 35.102
2020 11 16.558953 23 17 17.5103 -05 47 35.113
2020 11 16.560110 23 17 17.5029 -05 47 35.088
2020 11 16.560689 23 17 17.5092 -05 47 35.139
2020 11 16.561267 23 17 17.5022 -05 47 35.147
2020 11 16.561834 23 17 17.5030 -05 47 35.160
2020 11 16.562413 23 17 17.5047 -05 47 35.177
2020 11 16.562992 23 17 17.4989 -05 47 35.211
2020 11 16.563571 23 17 17.5000 -05 47 35.195
2020 11 16.564149 23 17 17.4998 -05 47 35.150
2020 11 16.564728 23 17 17.4967 -05 47 35.301
2020 11 16.565307 23 17 17.4950 -05 47 35.175
2020 11 16.565885 23 17 17.4936 -05 47 35.241
2020 11 16.567043 23 17 17.4865 -05 47 35.305
2020 11 16.567622 23 17 17.4857 -05 47 35.313
2020 11 16.568200 23 17 17.4885 -05 47 35.305
2020 11 16.569358 23 17 17.4836 -05 47 35.327
2020 11 16.569936 23 17 17.4841 -05 47 35.327
2020 11 16.570515 23 17 17.4829 -05 47 35.333
2020 11 16.571094 23 17 17.4794 -05 47 35.330
2020 11 16.571672 23 17 17.4735 -05 47 35.366
2020 11 16.572818 23 17 17.4754 -05 47 35.393
2020 11 16.578027 23 17 17.4573 -05 47 35.490
2020 11 16.578605 23 17 17.4558 -05 47 35.559
2020 11 16.579184 23 17 17.4556 -05 47 35.455
2020 11 16.586696 23 17 17.4416 -05 47 35.663
2020 11 16.587274 23 17 17.4377 -05 47 35.680
2020 11 16.588432 23 17 17.4382 -05 47 35.728
2020 11 16.589010 23 17 17.4385 -05 47 35.709
2020 11 16.589589 23 17 17.4336 -05 47 35.760
2020 11 16.590747 23 17 17.4306 -05 47 35.745
2020 11 16.593640 23 17 17.4235 -05 47 35.876
2020 11 16.597679 23 17 17.4134 -05 47 35.879
2020 11 16.598258 23 17 17.4161 -05 47 35.879
2020 11 16.598837 23 17 17.4101 -05 47 35.940
2020 11 16.599416 23 17 17.4079 -05 47 35.970
2020 11 16.599994 23 17 17.4099 -05 47 35.947
2020 11 16.600573 23 17 17.4069 -05 47 35.990
2020 11 16.601730 23 17 17.4034 -05 47 36.019
2020 11 16.602309 23 17 17.4017 -05 47 35.977
2020 11 16.602888 23 17 17.4020 -05 47 35.981
2020 11 16.603466 23 17 17.3989 -05 47 36.008
2020 11 16.604045 23 17 17.3998 -05 47 36.013
2020 11 16.606939 23 17 17.3910 -05 47 36.104
2020 11 16.607517 23 17 17.3879 -05 47 36.107
2020 11 16.608096 23 17 17.3899 -05 47 36.124
2020 11 16.609253 23 17 17.3865 -05 47 36.155
2020 11 16.610399 23 17 17.3828 -05 47 36.151
2020 11 16.611557 23 17 17.3825 -05 47 36.200
2020 11 16.621973 23 17 17.3511 -05 47 36.428
2020 11 16.623131 23 17 17.3517 -05 47 36.406
2020 11 16.623709 23 17 17.3481 -05 47 36.442
2020 11 17.505029 23 17 15.2721 -05 47 48.388 
2020 11 17.505608 23 17 15.2723 -05 47 48.413 
2020 11 17.506186 23 17 15.2702 -05 47 48.352 
2020 11 17.506765 23 17 15.2695 -05 47 48.362 
2020 11 17.507344 23 17 15.2681 -05 47 48.422 
2020 11 17.507922 23 17 15.2668 -05 47 48.352 
2020 11 17.508501 23 17 15.2665 -05 47 48.369 
2020 11 17.509080 23 17 15.2663 -05 47 48.367 
2020 11 17.509659 23 17 15.2620 -05 47 48.367 
2020 11 17.510237 23 17 15.2609 -05 47 48.371 
2020 11 17.510816 23 17 15.2618 -05 47 48.368 
2020 11 17.511395 23 17 15.2578 -05 47 48.403 
2020 11 17.511973 23 17 15.2569 -05 47 48.391 
2020 11 17.512552 23 17 15.2553 -05 47 48.371 
2020 11 17.513131 23 17 15.2531 -05 47 48.424 
2020 11 17.513709 23 17 15.2521 -05 47 48.431 
2020 11 17.514277 23 17 15.2501 -05 47 48.408 
2020 11 17.514855 23 17 15.2500 -05 47 48.404 
2020 11 17.515434 23 17 15.2496 -05 47 48.413 
2020 11 17.516013 23 17 15.2459 -05 47 48.450 
2020 11 17.517170 23 17 15.2456 -05 47 48.449 
2020 11 17.517749 23 17 15.2435 -05 47 48.449 
2020 11 17.518328 23 17 15.2419 -05 47 48.467 
2020 11 17.518906 23 17 15.2391 -05 47 48.467 
2020 11 17.520064 23 17 15.2355 -05 47 48.475 
2020 11 17.520642 23 17 15.2365 -05 47 48.434 
2020 11 17.521221 23 17 15.2355 -05 47 48.485 
2020 11 17.521800 23 17 15.2338 -05 47 48.432 
2020 11 17.523536 23 17 15.2291 -05 47 48.452 
2020 11 17.524115 23 17 15.2286 -05 47 48.448 
2020 11 17.524693 23 17 15.2256 -05 47 48.491 
2020 11 17.525272 23 17 15.2248 -05 47 48.503 
2020 11 17.525851 23 17 15.2249 -05 47 48.475 
2020 11 17.527008 23 17 15.2217 -05 47 48.463 
2020 11 17.527575 23 17 15.2202 -05 47 48.489 
2020 11 17.528154 23 17 15.2179 -05 47 48.475 
2020 11 17.528733 23 17 15.2182 -05 47 48.454 
2020 11 17.529890 23 17 15.2135 -05 47 48.500 
2020 11 17.530469 23 17 15.2124 -05 47 48.489 
2020 11 17.531047 23 17 15.2128 -05 47 48.538 
2020 11 17.531626 23 17 15.2102 -05 47 48.500 
2020 11 17.532205 23 17 15.2088 -05 47 48.458 
2020 11 17.532784 23 17 15.2087 -05 47 48.520 
2020 11 17.533362 23 17 15.2082 -05 47 48.524 
2020 11 17.535098 23 17 15.2041 -05 47 48.485 
2020 11 17.535677 23 17 15.2026 -05 47 48.524 
2020 11 17.536256 23 17 15.1994 -05 47 48.544 
2020 11 17.536834 23 17 15.1992 -05 47 48.522 
2020 11 17.537413 23 17 15.1958 -05 47 48.572 
2020 11 17.538571 23 17 15.1939 -05 47 48.598 
2020 11 17.539149 23 17 15.1949 -05 47 48.526 
2020 11 17.539728 23 17 15.1904 -05 47 48.596 
2020 11 17.540307 23 17 15.1928 -05 47 48.551 
2020 11 17.540885 23 17 15.1909 -05 47 48.535 
2020 11 17.542043 23 17 15.1873 -05 47 48.598 
2020 11 17.542610 23 17 15.1867 -05 47 48.582 
2020 11 17.543189 23 17 15.1827 -05 47 48.554 
2020 11 17.543767 23 17 15.1817 -05 47 48.581 
2020 11 17.544925 23 17 15.1793 -05 47 48.581 
2020 11 17.546082 23 17 15.1771 -05 47 48.593 
2020 11 17.547240 23 17 15.1755 -05 47 48.574 
2020 11 17.547818 23 17 15.1740 -05 47 48.608 
2020 11 17.548397 23 17 15.1728 -05 47 48.642 
2020 11 17.549554 23 17 15.1700 -05 47 48.606 
2020 11 17.550133 23 17 15.1681 -05 47 48.584 
2020 11 17.550712 23 17 15.1681 -05 47 48.590 
2020 11 17.551291 23 17 15.1672 -05 47 48.624 
2020 11 17.551869 23 17 15.1651 -05 47 48.596 
2020 11 17.553027 23 17 15.1622 -05 47 48.630 
2020 11 17.553605 23 17 15.1611 -05 47 48.621 
2020 11 17.554184 23 17 15.1591 -05 47 48.601 
2020 11 17.555341 23 17 15.1562 -05 47 48.658 
2020 11 17.556499 23 17 15.1528 -05 47 48.611 
2020 11 17.557645 23 17 15.1508 -05 47 48.670 
2020 11 17.558223 23 17 15.1497 -05 47 48.631 
2020 11 17.558802 23 17 15.1473 -05 47 48.612 
2020 11 17.559381 23 17 15.1467 -05 47 48.671 
2020 11 17.559959 23 17 15.1450 -05 47 48.647 
2020 11 17.560538 23 17 15.1449 -05 47 48.645 
2020 11 17.561117 23 17 15.1428 -05 47 48.654 
2020 11 17.561696 23 17 15.1411 -05 47 48.663 
2020 11 17.562274 23 17 15.1400 -05 47 48.642 
2020 11 17.562853 23 17 15.1392 -05 47 48.659 
2020 11 17.563432 23 17 15.1388 -05 47 48.701 
2020 11 17.564010 23 17 15.1359 -05 47 48.669 
2020 11 17.564589 23 17 15.1341 -05 47 48.682 
2020 11 17.565168 23 17 15.1349 -05 47 48.679 
2020 11 17.565747 23 17 15.1331 -05 47 48.667 
2020 11 17.566325 23 17 15.1298 -05 47 48.684 
2020 11 17.566904 23 17 15.1307 -05 47 48.690 
2020 11 17.567483 23 17 15.1289 -05 47 48.668 
2020 11 17.568061 23 17 15.1275 -05 47 48.702 
2020 11 17.568640 23 17 15.1239 -05 47 48.653 
2020 11 17.569219 23 17 15.1236 -05 47 48.680 
2020 11 17.569786 23 17 15.1233 -05 47 48.718 
2020 11 17.570365 23 17 15.1231 -05 47 48.713 
2020 11 17.570943 23 17 15.1205 -05 47 48.690 
2020 11 17.571522 23 17 15.1191 -05 47 48.690 
2020 11 17.572679 23 17 15.1172 -05 47 48.702 
2020 11 17.573258 23 17 15.1153 -05 47 48.686 
2020 11 17.573837 23 17 15.1126 -05 47 48.719 
2020 11 17.574416 23 17 15.1123 -05 47 48.718 
2020 11 17.574994 23 17 15.1108 -05 47 48.745 
2020 11 17.575573 23 17 15.1097 -05 47 48.709 
2020 11 17.576152 23 17 15.1101 -05 47 48.703 
2020 11 17.576730 23 17 15.1058 -05 47 48.723 
2020 11 17.578466 23 17 15.1024 -05 47 48.725 
2020 11 17.579045 23 17 15.1017 -05 47 48.751 
2020 11 17.579624 23 17 15.1020 -05 47 48.736 
2020 11 17.580781 23 17 15.0993 -05 47 48.724 
2020 11 17.581360 23 17 15.0967 -05 47 48.723 
2020 11 17.581939 23 17 15.0967 -05 47 48.709 
2020 11 17.583663 23 17 15.0892 -05 47 48.747 
2020 11 17.584242 23 17 15.0902 -05 47 48.737 
2020 11 17.584821 23 17 15.0887 -05 47 48.741 
2020 11 17.585399 23 17 15.0862 -05 47 48.792 
2020 11 17.585978 23 17 15.0851 -05 47 48.757 
2020 11 17.586557 23 17 15.0839 -05 47 48.785 
2020 11 17.587135 23 17 15.0832 -05 47 48.798 
2020 11 17.587714 23 17 15.0810 -05 47 48.763 
2020 11 17.588872 23 17 15.0793 -05 47 48.789 
2020 11 17.590029 23 17 15.0768 -05 47 48.778 
2020 11 17.590608 23 17 15.0759 -05 47 48.805 
2020 11 17.591186 23 17 15.0727 -05 47 48.822 
2020 11 17.591765 23 17 15.0722 -05 47 48.813 
2020 11 17.592344 23 17 15.0714 -05 47 48.799 
2020 11 17.593501 23 17 15.0695 -05 47 48.811 
2020 11 17.594878 23 17 15.0665 -05 47 48.815 
2020 11 17.595457 23 17 15.0648 -05 47 48.808 
2020 11 17.596036 23 17 15.0620 -05 47 48.821 
2020 11 17.597193 23 17 15.0621 -05 47 48.822 
2020 11 17.597772 23 17 15.0587 -05 47 48.814 
2020 11 17.598351 23 17 15.0588 -05 47 48.836 
2020 11 17.599508 23 17 15.0554 -05 47 48.826 
2020 11 17.600087 23 17 15.0541 -05 47 48.831 
2020 11 17.600666 23 17 15.0512 -05 47 48.865 
2020 11 17.601823 23 17 15.0500 -05 47 48.881 
2020 11 17.602402 23 17 15.0486 -05 47 48.848 
2020 11 17.602980 23 17 15.0474 -05 47 48.822 
2020 11 17.603559 23 17 15.0468 -05 47 48.858 
2020 11 17.604716 23 17 15.0431 -05 47 48.829 
2020 11 17.605295 23 17 15.0423 -05 47 48.831 
2020 11 17.605874 23 17 15.0427 -05 47 48.855 
2020 11 17.607020 23 17 15.0384 -05 47 48.885 
2020 11 17.607598 23 17 15.0374 -05 47 48.873 
2020 11 17.608756 23 17 15.0361 -05 47 48.876 
2020 11 17.609334 23 17 15.0336 -05 47 48.835 
2020 11 17.610492 23 17 15.0310 -05 47 48.848 
2020 11 17.611071 23 17 15.0311 -05 47 48.894 
2020 11 17.612228 23 17 15.0259 -05 47 48.910 
2020 11 18.509196 23 17 13.4531 -05 47 46.380
2020 11 18.509774 23 17 13.4501 -05 47 46.350
2020 11 18.510932 23 17 13.4488 -05 47 46.349
2020 11 18.512078 23 17 13.4452 -05 47 46.357
2020 11 18.513235 23 17 13.4463 -05 47 46.341
2020 11 18.513814 23 17 13.4446 -05 47 46.346
2020 11 18.514392 23 17 13.4452 -05 47 46.350
2020 11 18.514971 23 17 13.4443 -05 47 46.353
2020 11 18.515550 23 17 13.4435 -05 47 46.341
2020 11 18.516128 23 17 13.4409 -05 47 46.359
2020 11 18.516707 23 17 13.4406 -05 47 46.328
2020 11 18.517286 23 17 13.4427 -05 47 46.320
2020 11 18.517865 23 17 13.4380 -05 47 46.310
2020 11 18.518443 23 17 13.4380 -05 47 46.320
2020 11 18.519022 23 17 13.4392 -05 47 46.326
2020 11 18.519601 23 17 13.4376 -05 47 46.330
2020 11 18.520179 23 17 13.4382 -05 47 46.294
2020 11 18.520758 23 17 13.4353 -05 47 46.300
2020 11 18.521337 23 17 13.4335 -05 47 46.308
2020 11 18.521916 23 17 13.4336 -05 47 46.258
2020 11 18.522494 23 17 13.4341 -05 47 46.268
2020 11 18.523073 23 17 13.4333 -05 47 46.233
2020 11 18.524230 23 17 13.4306 -05 47 46.226
2020 11 18.524809 23 17 13.4314 -05 47 46.231
2020 11 18.525388 23 17 13.4293 -05 47 46.256
2020 11 18.525955 23 17 13.4285 -05 47 46.226
2020 11 18.526534 23 17 13.4267 -05 47 46.227
2020 11 18.527112 23 17 13.4254 -05 47 46.252
2020 11 18.527691 23 17 13.4252 -05 47 46.241
2020 11 18.528270 23 17 13.4243 -05 47 46.213
2020 11 18.528848 23 17 13.4245 -05 47 46.212
2020 11 18.529427 23 17 13.4223 -05 47 46.209
2020 11 18.530006 23 17 13.4232 -05 47 46.208
2020 11 18.530584 23 17 13.4215 -05 47 46.221
2020 11 18.531163 23 17 13.4214 -05 47 46.216
2020 11 18.531742 23 17 13.4199 -05 47 46.183
2020 11 18.532321 23 17 13.4199 -05 47 46.192
2020 11 18.533478 23 17 13.4179 -05 47 46.188
2020 11 18.535214 23 17 13.4150 -05 47 46.127
2020 11 18.535793 23 17 13.4149 -05 47 46.173
2020 11 18.536372 23 17 13.4128 -05 47 46.150
2020 11 18.536939 23 17 13.4121 -05 47 46.163
2020 11 18.537517 23 17 13.4093 -05 47 46.168
2020 11 18.538096 23 17 13.4118 -05 47 46.142
2020 11 18.538675 23 17 13.4081 -05 47 46.146
2020 11 18.539253 23 17 13.4090 -05 47 46.120
2020 11 18.539832 23 17 13.4100 -05 47 46.120
2020 11 18.540411 23 17 13.4082 -05 47 46.116
2020 11 18.540990 23 17 13.4081 -05 47 46.116
2020 11 18.541568 23 17 13.4075 -05 47 46.139
2020 11 18.542147 23 17 13.4053 -05 47 46.115
2020 11 18.542726 23 17 13.4034 -05 47 46.115
2020 11 18.543304 23 17 13.4019 -05 47 46.106
2020 11 18.543883 23 17 13.4017 -05 47 46.120
2020 11 18.544462 23 17 13.4016 -05 47 46.089
2020 11 18.545041 23 17 13.4025 -05 47 46.080
2020 11 18.545619 23 17 13.3996 -05 47 46.071
2020 11 18.546198 23 17 13.4000 -05 47 46.047
2020 11 18.546777 23 17 13.3979 -05 47 46.047
2020 11 18.547355 23 17 13.3972 -05 47 46.086
2020 11 18.548513 23 17 13.3951 -05 47 46.034
2020 11 18.549091 23 17 13.3963 -05 47 46.022
2020 11 18.549670 23 17 13.3931 -05 47 46.078
2020 11 18.550249 23 17 13.3931 -05 47 46.023
2020 11 18.550828 23 17 13.3943 -05 47 46.040
2020 11 18.551406 23 17 13.3927 -05 47 46.030
2020 11 18.551985 23 17 13.3897 -05 47 45.996
2020 11 18.552564 23 17 13.3903 -05 47 46.037
2020 11 18.553142 23 17 13.3895 -05 47 46.045
2020 11 18.553721 23 17 13.3904 -05 47 46.021
2020 11 18.554300 23 17 13.3872 -05 47 46.016
2020 11 18.554878 23 17 13.3877 -05 47 45.984
2020 11 18.555457 23 17 13.3883 -05 47 46.003
2020 11 18.556036 23 17 13.3857 -05 47 45.979
2020 11 18.557182 23 17 13.3834 -05 47 46.011
2020 11 18.557760 23 17 13.3819 -05 47 45.968
2020 11 18.558918 23 17 13.3805 -05 47 45.947
2020 11 18.559497 23 17 13.3823 -05 47 45.943
2020 11 18.561811 23 17 13.3755 -05 47 45.962
2020 11 18.562390 23 17 13.3778 -05 47 45.923
2020 11 18.563547 23 17 13.3745 -05 47 45.935
2020 11 18.564126 23 17 13.3737 -05 47 45.912
2020 11 18.564705 23 17 13.3753 -05 47 45.927
2020 11 18.565284 23 17 13.3714 -05 47 45.897
2020 11 18.566441 23 17 13.3725 -05 47 45.891
2020 11 18.567020 23 17 13.3712 -05 47 45.886
2020 11 18.567598 23 17 13.3710 -05 47 45.900
2020 11 18.568177 23 17 13.3698 -05 47 45.857
2020 11 18.569334 23 17 13.3677 -05 47 45.878
2020 11 18.569913 23 17 13.3657 -05 47 45.844
2020 11 18.571071 23 17 13.3664 -05 47 45.838
2020 11 18.572228 23 17 13.3631 -05 47 45.858
2020 11 18.573374 23 17 13.3631 -05 47 45.890
2020 11 18.574531 23 17 13.3606 -05 47 45.831
2020 11 18.575110 23 17 13.3618 -05 47 45.871
2020 11 18.575689 23 17 13.3579 -05 47 45.832
2020 11 18.576267 23 17 13.3577 -05 47 45.805
2020 11 18.576846 23 17 13.3569 -05 47 45.822
2020 11 18.577425 23 17 13.3573 -05 47 45.835
2020 11 18.578003 23 17 13.3560 -05 47 45.826
2020 11 18.578582 23 17 13.3553 -05 47 45.791
2020 11 18.579740 23 17 13.3556 -05 47 45.811
2020 11 18.580897 23 17 13.3528 -05 47 45.774
2020 11 18.581476 23 17 13.3512 -05 47 45.780
2020 11 18.582633 23 17 13.3493 -05 47 45.753
2020 11 18.583212 23 17 13.3488 -05 47 45.746
2021 11 25.543015 23 25 28.1829 -04 58 25.298
2021 11 25.543293 23 25 28.1831 -04 58 25.343
2021 11 25.571493 23 25 28.1800 -04 58 25.397
2021 11 25.572396 23 25 28.1803 -04 58 25.410
2021 11 25.572731 23 25 28.1804 -04 58 25.400
2021 11 25.573079 23 25 28.1796 -04 58 25.414
2021 11 25.573414 23 25 28.1799 -04 58 25.363
2021 11 25.573762 23 25 28.1801 -04 58 25.396
2021 11 25.574109 23 25 28.1809 -04 58 25.407
2021 11 25.574444 23 25 28.1800 -04 58 25.395
2021 11 25.574792 23 25 28.1795 -04 58 25.415
2021 11 25.575127 23 25 28.1785 -04 58 25.394
2021 11 25.575475 23 25 28.1779 -04 58 25.430
2021 11 25.575822 23 25 28.1783 -04 58 25.412
2021 11 25.576157 23 25 28.1791 -04 58 25.432
2021 11 25.576505 23 25 28.1789 -04 58 25.443
2021 11 25.576840 23 25 28.1788 -04 58 25.439
2021 11 25.577188 23 25 28.1800 -04 58 25.398
2021 11 25.577535 23 25 28.1786 -04 58 25.422
2021 11 25.577870 23 25 28.1799 -04 58 25.446
2021 11 25.578218 23 25 28.1799 -04 58 25.423
2021 11 25.578553 23 25 28.1791 -04 58 25.410
2021 11 25.578900 23 25 28.1783 -04 58 25.430
2021 11 25.579248 23 25 28.1793 -04 58 25.438
2021 11 25.579583 23 25 28.1789 -04 58 25.434
2021 11 25.579931 23 25 28.1768 -04 58 25.405
2021 11 25.580278 23 25 28.1793 -04 58 25.406
2021 11 25.580613 23 25 28.1776 -04 58 25.411
2021 11 25.580961 23 25 28.1791 -04 58 25.410
2021 11 25.581296 23 25 28.1776 -04 58 25.423
2021 11 25.581644 23 25 28.1773 -04 58 25.417
2021 11 25.581991 23 25 28.1784 -04 58 25.427
2021 11 25.582326 23 25 28.1796 -04 58 25.436
2021 11 25.582674 23 25 28.1785 -04 58 25.424
2021 11 25.583009 23 25 28.1784 -04 58 25.443
2021 11 25.583356 23 25 28.1779 -04 58 25.415
2021 11 25.583692 23 25 28.1779 -04 58 25.441
2021 11 25.584039 23 25 28.1766 -04 58 25.427
2021 11 25.584387 23 25 28.1778 -04 58 25.458
2021 11 25.584722 23 25 28.1778 -04 58 25.428
2021 11 25.585069 23 25 28.1776 -04 58 25.433
2021 11 25.585405 23 25 28.1763 -04 58 25.453
2021 11 25.585752 23 25 28.1771 -04 58 25.441
2021 11 25.586100 23 25 28.1773 -04 58 25.444
2021 11 25.586435 23 25 28.1769 -04 58 25.428
2021 11 25.586782 23 25 28.1780 -04 58 25.427
2021 11 25.587118 23 25 28.1780 -04 58 25.458
2021 11 25.587465 23 25 28.1781 -04 58 25.466
2021 11 25.587812 23 25 28.1772 -04 58 25.466
2021 11 25.588148 23 25 28.1780 -04 58 25.439
2021 11 25.588495 23 25 28.1780 -04 58 25.414
2021 11 25.588831 23 25 28.1775 -04 58 25.471
2021 11 25.589178 23 25 28.1768 -04 58 25.471
2021 11 25.589525 23 25 28.1770 -04 58 25.453
2021 11 25.589861 23 25 28.1762 -04 58 25.464
2021 11 25.590544 23 25 28.1774 -04 58 25.477
2021 11 25.590891 23 25 28.1788 -04 58 25.462
2021 11 25.591238 23 25 28.1760 -04 58 25.482
2021 11 25.591574 23 25 28.1761 -04 58 25.453
2021 11 25.591921 23 25 28.1782 -04 58 25.455
2021 11 25.592257 23 25 28.1772 -04 58 25.454
2021 11 25.592604 23 25 28.1770 -04 58 25.497
2021 11 25.592951 23 25 28.1781 -04 58 25.462
2021 11 25.593287 23 25 28.1768 -04 58 25.468
2021 11 25.593634 23 25 28.1765 -04 58 25.500
2021 11 25.593970 23 25 28.1770 -04 58 25.448
2021 11 25.594317 23 25 28.1766 -04 58 25.488
2021 11 25.594664 23 25 28.1771 -04 58 25.458
2021 11 25.595000 23 25 28.1752 -04 58 25.502
2021 11 25.595347 23 25 28.1769 -04 58 25.503
2021 11 25.595683 23 25 28.1765 -04 58 25.476
2021 11 25.596030 23 25 28.1766 -04 58 25.508
2021 11 25.596377 23 25 28.1760 -04 58 25.481
2021 11 25.596713 23 25 28.1770 -04 58 25.487
2021 11 25.597060 23 25 28.1768 -04 58 25.465
2021 11 25.597396 23 25 28.1769 -04 58 25.467
2021 11 25.598090 23 25 28.1758 -04 58 25.515
2021 11 25.598426 23 25 28.1752 -04 58 25.479
2021 11 25.598773 23 25 28.1762 -04 58 25.498
2021 11 25.599109 23 25 28.1770 -04 58 25.468
2021 11 25.599456 23 25 28.1755 -04 58 25.509
2021 11 25.599803 23 25 28.1764 -04 58 25.508
2021 11 25.642546 23 25 28.1704 -04 58 25.633
2021 11 25.642882 23 25 28.1703 -04 58 25.630
2021 11 25.643229 23 25 28.1707 -04 58 25.618
2021 11 25.643576 23 25 28.1723 -04 58 25.639
2021 11 25.643924 23 25 28.1700 -04 58 25.676
2021 11 25.644618 23 25 28.1693 -04 58 25.707
2021 11 25.644965 23 25 28.1702 -04 58 25.681
2021 11 25.645301 23 25 28.1689 -04 58 25.629
2021 11 25.645648 23 25 28.1699 -04 58 25.679
2021 11 25.645995 23 25 28.1704 -04 58 25.618
2021 11 25.646343 23 25 28.1696 -04 58 25.679
2021 11 25.646690 23 25 28.1687 -04 58 25.697
2021 11 25.647025 23 25 28.1709 -04 58 25.673
2021 11 25.647373 23 25 28.1704 -04 58 25.671
2021 11 25.647708 23 25 28.1697 -04 58 25.647
2021 11 25.649421 23 25 28.1694 -04 58 25.634
2021 11 25.649769 23 25 28.1693 -04 58 25.692
2021 11 25.650104 23 25 28.1677 -04 58 25.709
2021 11 25.650451 23 25 28.1682 -04 58 25.698
2021 11 25.650799 23 25 28.1682 -04 58 25.685
2021 11 25.651134 23 25 28.1702 -04 58 25.663
2021 11 25.651481 23 25 28.1690 -04 58 25.667
2021 11 25.651817 23 25 28.1688 -04 58 25.647
2021 11 25.652164 23 25 28.1688 -04 58 25.683
2021 11 25.652512 23 25 28.1690 -04 58 25.710
2021 11 25.653194 23 25 28.1681 -04 58 25.683
2021 11 25.653530 23 25 28.1678 -04 58 25.680
2021 11 25.654225 23 25 28.1676 -04 58 25.646
2021 11 25.654560 23 25 28.1670 -04 58 25.747
2021 11 25.655243 23 25 28.1674 -04 58 25.660
2021 11 26.582014 23 25 27.9002 -04 58 36.002
2021 11 26.582396 23 25 27.8988 -04 58 35.997
2021 11 26.582755 23 25 27.8977 -04 58 36.030
2021 11 26.585301 23 25 27.8978 -04 58 36.043
2021 11 26.586343 23 25 27.8967 -04 58 36.050
2021 11 26.587396 23 25 27.8971 -04 58 36.104
2021 11 26.588438 23 25 27.8956 -04 58 36.082
2021 11 26.589491 23 25 27.8933 -04 58 36.130
2021 11 26.590532 23 25 27.8936 -04 58 36.146
2021 11 26.591574 23 25 27.8929 -04 58 36.165
2021 11 26.592627 23 25 27.8930 -04 58 36.188
2021 11 26.593669 23 25 27.8910 -04 58 36.223
2021 11 26.594722 23 25 27.8885 -04 58 36.210
2021 11 26.595764 23 25 27.8901 -04 58 36.236
2021 11 26.596806 23 25 27.8898 -04 58 36.213
2021 11 26.597859 23 25 27.8876 -04 58 36.228
2021 11 26.598900 23 25 27.8881 -04 58 36.299
2021 11 26.599954 23 25 27.8862 -04 58 36.311
2021 11 26.600995 23 25 27.8855 -04 58 36.279
2021 11 26.602037 23 25 27.8840 -04 58 36.320
2021 11 26.603090 23 25 27.8865 -04 58 36.346
2021 11 26.604132 23 25 27.8841 -04 58 36.383
2021 11 26.605185 23 25 27.8831 -04 58 36.378
2021 11 26.606227 23 25 27.8807 -04 58 36.379
2021 11 26.607269 23 25 27.8809 -04 58 36.390
2021 11 26.608322 23 25 27.8800 -04 58 36.455
2021 11 26.610417 23 25 27.8787 -04 58 36.475
2021 11 26.611458 23 25 27.8800 -04 58 36.480
2021 11 26.612512 23 25 27.8773 -04 58 36.529
2021 11 26.613553 23 25 27.8779 -04 58 36.508
2021 11 26.614595 23 25 27.8769 -04 58 36.487
2021 11 26.615648 23 25 27.8755 -04 58 36.584
2021 11 26.618785 23 25 27.8723 -04 58 36.602
2021 11 26.619826 23 25 27.8706 -04 58 36.600
2021 11 26.620880 23 25 27.8692 -04 58 36.624
2021 11 26.621921 23 25 27.8702 -04 58 36.667
2021 11 26.622975 23 25 27.8699 -04 58 36.685
2021 11 26.624016 23 25 27.8692 -04 58 36.720
2021 11 26.625069 23 25 27.8696 -04 58 36.694
2021 11 26.626111 23 25 27.8670 -04 58 36.745
2021 11 26.627153 23 25 27.8673 -04 58 36.817
2021 11 26.628206 23 25 27.8656 -04 58 36.735
2021 11 28.573970 23 25 25.6529 -04 59  1.178
2021 11 28.574259 23 25 25.6517 -04 59  1.149
2021 11 28.574606 23 25 25.6518 -04 59  1.177
2021 11 28.575833 23 25 25.6499 -04 59  1.175
2021 11 28.576528 23 25 25.6496 -04 59  1.173
2021 11 28.577222 23 25 25.6496 -04 59  1.191
2021 11 28.577917 23 25 25.6476 -04 59  1.175
2021 11 28.579132 23 25 25.6466 -04 59  1.173
2021 11 28.579942 23 25 25.6463 -04 59  1.134
2021 11 28.580752 23 25 25.6430 -04 59  1.174
2021 11 28.581563 23 25 25.6442 -04 59  1.158
2021 11 28.582373 23 25 25.6426 -04 59  1.178
2021 11 28.583183 23 25 25.6399 -04 59  1.171
2021 11 28.583993 23 25 25.6392 -04 59  1.167
2021 11 28.584803 23 25 25.6385 -04 59  1.152
2021 11 28.585613 23 25 25.6381 -04 59  1.154
2021 11 28.586424 23 25 25.6383 -04 59  1.166
2021 11 28.588044 23 25 25.6342 -04 59  1.138
2021 11 28.588854 23 25 25.6352 -04 59  1.157
2021 11 28.589664 23 25 25.6359 -04 59  1.141
2021 11 28.590475 23 25 25.6307 -04 59  1.183
2021 11 28.591285 23 25 25.6335 -04 59  1.184
2021 11 28.592095 23 25 25.6307 -04 59  1.164
2021 11 28.592905 23 25 25.6289 -04 59  1.154
2021 11 28.593715 23 25 25.6285 -04 59  1.167
2021 11 28.594525 23 25 25.6273 -04 59  1.172
2021 11 28.595336 23 25 25.6264 -04 59  1.186
2021 11 28.596146 23 25 25.6237 -04 59  1.190
2021 11 28.596956 23 25 25.6251 -04 59  1.172
2021 11 28.597766 23 25 25.6230 -04 59  1.165
2021 11 28.598576 23 25 25.6231 -04 59  1.142
2021 11 28.599387 23 25 25.6204 -04 59  1.135
2021 11 28.600197 23 25 25.6205 -04 59  1.138
2021 11 28.601007 23 25 25.6195 -04 59  1.169
2021 11 28.601817 23 25 25.6181 -04 59  1.187
2021 11 28.602627 23 25 25.6186 -04 59  1.141
2021 11 28.603437 23 25 25.6163 -04 59  1.146
2021 11 28.604248 23 25 25.6161 -04 59  1.150
2021 11 28.605058 23 25 25.6154 -04 59  1.171
2021 11 28.605868 23 25 25.6146 -04 59  1.165
2021 11 28.606678 23 25 25.6137 -04 59  1.137
2021 11 28.607488 23 25 25.6107 -04 59  1.159
2021 11 28.608299 23 25 25.6124 -04 59  1.166
2021 11 28.610729 23 25 25.6076 -04 59  1.175
2021 11 28.611539 23 25 25.6054 -04 59  1.140
2021 11 28.612350 23 25 25.6042 -04 59  1.123
2021 11 28.613160 23 25 25.6047 -04 59  1.175
2021 11 30.596632 23 25 25.0894 -04 58 36.586
2021 11 30.596968 23 25 25.0898 -04 58 36.593
2021 11 30.597315 23 25 25.0925 -04 58 36.581
2021 11 30.597662 23 25 25.0907 -04 58 36.566
2021 11 30.597998 23 25 25.0910 -04 58 36.567
2021 11 30.598345 23 25 25.0914 -04 58 36.540
2021 11 30.598681 23 25 25.0934 -04 58 36.584
2021 11 30.599028 23 25 25.0928 -04 58 36.574
2021 11 30.599375 23 25 25.0936 -04 58 36.554
2021 11 30.599711 23 25 25.0927 -04 58 36.589
2021 11 30.600058 23 25 25.0924 -04 58 36.533
2021 11 30.600394 23 25 25.0922 -04 58 36.535
2021 11 30.600741 23 25 25.0934 -04 58 36.523
2021 11 30.601076 23 25 25.0947 -04 58 36.518
2021 11 30.601424 23 25 25.0944 -04 58 36.523
2021 11 30.601771 23 25 25.0931 -04 58 36.521
2021 11 30.602106 23 25 25.0920 -04 58 36.507
2021 11 30.602454 23 25 25.0930 -04 58 36.501
2021 11 30.602789 23 25 25.0941 -04 58 36.484
2021 11 30.603137 23 25 25.0937 -04 58 36.456
2021 11 30.603472 23 25 25.0945 -04 58 36.501
2021 11 30.603819 23 25 25.0960 -04 58 36.512
2021 11 30.604167 23 25 25.0943 -04 58 36.495
2021 11 30.604502 23 25 25.0962 -04 58 36.446
2021 11 30.604850 23 25 25.0973 -04 58 36.456
2021 11 30.605185 23 25 25.0947 -04 58 36.472
2021 11 30.605532 23 25 25.0966 -04 58 36.482
2021 11 30.605868 23 25 25.0960 -04 58 36.479
2021 11 30.606215 23 25 25.0956 -04 58 36.435
2021 11 30.606562 23 25 25.0960 -04 58 36.466
2021 11 30.606898 23 25 25.0984 -04 58 36.459
2021 11 30.607245 23 25 25.0944 -04 58 36.447
2021 11 30.607581 23 25 25.0945 -04 58 36.440
2021 11 30.607928 23 25 25.0982 -04 58 36.421
2021 11 30.608264 23 25 25.0968 -04 58 36.417
2021 11 30.608611 23 25 25.0972 -04 58 36.436
2021 11 30.608958 23 25 25.0986 -04 58 36.420
2021 11 30.609294 23 25 25.0976 -04 58 36.395
2021 11 30.609641 23 25 25.0974 -04 58 36.401
2021 11 30.609977 23 25 25.0964 -04 58 36.387
2021 11 30.610324 23 25 25.0962 -04 58 36.371
2021 11 30.610671 23 25 25.0973 -04 58 36.371
2021 11 30.611007 23 25 25.0993 -04 58 36.397
2021 11 30.611354 23 25 25.0959 -04 58 36.372
2021 11 30.611690 23 25 25.0971 -04 58 36.386
2021 11 30.612037 23 25 25.0989 -04 58 36.369
2021 11 30.612720 23 25 25.0998 -04 58 36.383
2021 11 30.613056 23 25 25.0985 -04 58 36.336
2021 11 30.613403 23 25 25.0994 -04 58 36.356
2021 11 30.613750 23 25 25.0992 -04 58 36.350
2021 11 30.614086 23 25 25.1006 -04 58 36.341
2021 11 30.614433 23 25 25.1004 -04 58 36.336
2021 11 30.614769 23 25 25.0988 -04 58 36.335
2021 11 30.615116 23 25 25.0997 -04 58 36.299
2021 11 30.615463 23 25 25.1023 -04 58 36.343
2021 11 30.615799 23 25 25.0992 -04 58 36.324
2021 11 30.616146 23 25 25.1003 -04 58 36.341
2021 11 30.616481 23 25 25.0999 -04 58 36.303
2021 11 30.616829 23 25 25.1009 -04 58 36.325
2021 11 30.617164 23 25 25.1012 -04 58 36.278
2021 11 30.617512 23 25 25.1021 -04 58 36.319
2021 11 30.617859 23 25 25.1012 -04 58 36.310
2021 11 30.618194 23 25 25.1039 -04 58 36.258
2021 11 30.618542 23 25 25.1036 -04 58 36.245
2021 11 30.618877 23 25 25.1041 -04 58 36.267
2021 11 30.619225 23 25 25.1030 -04 58 36.282
2021 11 30.619560 23 25 25.1022 -04 58 36.288
2021 11 30.619907 23 25 25.1013 -04 58 36.233
2021 11 30.620255 23 25 25.1024 -04 58 36.274
2021 11 30.620938 23 25 25.1010 -04 58 36.230
2021 11 30.621273 23 25 25.1026 -04 58 36.219
2021 11 30.621620 23 25 25.1044 -04 58 36.194
2021 11 30.621968 23 25 25.1031 -04 58 36.235
2021 11 30.622303 23 25 25.1049 -04 58 36.208
2021 11 30.622650 23 25 25.1037 -04 58 36.228
2021 11 30.622986 23 25 25.1048 -04 58 36.236
2021 11 30.623681 23 25 25.1049 -04 58 36.219
2021 11 30.624028 23 25 25.1027 -04 58 36.220
2021 11 30.624375 23 25 25.1058 -04 58 36.189
2021 11 30.625058 23 25 25.1051 -04 58 36.157
2021 11 30.625405 23 25 25.1063 -04 58 36.191
2021 11 30.625752 23 25 25.1078 -04 58 36.209
2021 11 30.626100 23 25 25.1060 -04 58 36.186
2021 11 30.626447 23 25 25.1039 -04 58 36.205
2021 11 30.626794 23 25 25.1048 -04 58 36.186
2021 11 30.627141 23 25 25.1082 -04 58 36.180
2021 11 30.627488 23 25 25.1045 -04 58 36.165
2021 11 30.628171 23 25 25.1059 -04 58 36.135
2021 11 30.628519 23 25 25.1052 -04 58 36.115
2021 11 30.628866 23 25 25.1059 -04 58 36.112
2021 11 30.629213 23 25 25.1082 -04 58 36.168
2021 11 30.629560 23 25 25.1079 -04 58 36.150
2021 11 30.629907 23 25 25.1103 -04 58 36.107
2021 11 30.630255 23 25 25.1085 -04 58 36.141
2021 11 30.630602 23 25 25.1053 -04 58 36.115
2021 11 30.630938 23 25 25.1096 -04 58 36.100
2022 10 30.573090 23 34 54.7004 -04  2 19.288
2022 10 30.573773 23 34 54.7098 -04  2 19.291
2022 10 30.574120 23 34 54.7021 -04  2 19.110
2022 10 30.574456 23 34 54.7043 -04  2 19.187
2022 10 30.574803 23 34 54.6987 -04  2 19.245
2022 10 30.575139 23 34 54.6977 -04  2 19.310
2022 10 30.575486 23 34 54.6968 -04  2 19.230
2022 10 30.575822 23 34 54.6976 -04  2 19.135
2022 10 30.576169 23 34 54.6931 -04  2 19.209
2022 10 30.576505 23 34 54.6927 -04  2 19.244
2022 10 30.576852 23 34 54.6899 -04  2 19.218
2022 10 30.577199 23 34 54.6923 -04  2 19.227
2022 10 30.578565 23 34 54.6862 -04  2 19.158
2022 10 30.578900 23 34 54.6880 -04  2 19.193
2022 10 30.579931 23 34 54.6808 -04  2 19.307
2022 10 30.580278 23 34 54.6777 -04  2 19.260
2022 10 30.580613 23 34 54.6771 -04  2 19.261
2022 10 30.580961 23 34 54.6753 -04  2 19.311
2022 10 30.581296 23 34 54.6774 -04  2 19.335
2022 10 30.581644 23 34 54.6667 -04  2 19.214
2022 10 30.581979 23 34 54.6712 -04  2 19.316
2022 10 30.582326 23 34 54.6654 -04  2 19.227
2022 10 30.582662 23 34 54.6691 -04  2 19.341
2022 10 30.583009 23 34 54.6666 -04  2 19.315
2022 10 30.583356 23 34 54.6675 -04  2 19.250
2022 10 30.583692 23 34 54.6625 -04  2 19.309
2022 10 30.584039 23 34 54.6627 -04  2 19.274
2022 10 30.584375 23 34 54.6607 -04  2 19.307
2022 10 30.584722 23 34 54.6595 -04  2 19.299
2022 10 31.532778 23 34 51.3531 -04  2 27.013
2022 10 31.533125 23 34 51.3454 -04  2 26.990
2022 10 31.533461 23 34 51.3463 -04  2 27.043
2022 10 31.533808 23 34 51.3482 -04  2 27.054
2022 10 31.534155 23 34 51.3475 -04  2 27.030
2022 10 31.534502 23 34 51.3480 -04  2 27.014
2022 10 31.534838 23 34 51.3461 -04  2 26.974
2022 10 31.535185 23 34 51.3468 -04  2 26.985
2022 10 31.535880 23 34 51.3433 -04  2 27.116
2022 10 31.536227 23 34 51.3429 -04  2 27.130
2022 10 31.536562 23 34 51.3318 -04  2 26.993
2022 10 31.536910 23 34 51.3436 -04  2 27.066
2022 10 31.537257 23 34 51.3416 -04  2 27.046
2022 10 31.537604 23 34 51.3386 -04  2 26.969
2022 10 31.537940 23 34 51.3256 -04  2 27.041
2022 10 31.538287 23 34 51.3367 -04  2 27.082
2022 10 31.538634 23 34 51.3290 -04  2 27.081
2022 10 31.538970 23 34 51.3337 -04  2 27.037
2022 10 31.539317 23 34 51.3297 -04  2 27.085
2022 10 31.540012 23 34 51.3237 -04  2 27.055
2022 10 31.540694 23 34 51.3273 -04  2 27.100
2022 10 31.541042 23 34 51.3250 -04  2 27.060
2022 10 31.541389 23 34 51.3187 -04  2 27.097
2022 10 31.541736 23 34 51.3241 -04  2 27.126
2022 10 31.542072 23 34 51.3182 -04  2 27.078
2022 10 31.542419 23 34 51.3139 -04  2 27.151
2022 10 31.542766 23 34 51.3222 -04  2 27.130
2022 10 31.543102 23 34 51.3158 -04  2 27.087
2022 10 31.543449 23 34 51.3148 -04  2 27.156
2022 10 31.543796 23 34 51.3139 -04  2 27.095
2022 10 31.544144 23 34 51.3115 -04  2 27.063
2022 10 31.544826 23 34 51.3153 -04  2 27.143
2022 10 31.545174 23 34 51.3042 -04  2 27.164
2022 10 31.545521 23 34 51.3171 -04  2 27.176
2022 10 31.545856 23 34 51.3095 -04  2 27.150
2022 10 31.546204 23 34 51.3027 -04  2 27.186
2022 11 27.525301 23 33 45.8361 -04  9  4.414
2022 11 27.525625 23 33 45.8355 -04  9  4.361
2022 11 27.525949 23 33 45.8352 -04  9  4.391
2022 11 27.526273 23 33 45.8346 -04  9  4.402
2022 11 27.526921 23 33 45.8335 -04  9  4.410
2022 11 27.527245 23 33 45.8316 -04  9  4.390
2022 11 27.527569 23 33 45.8310 -04  9  4.434
2022 11 27.527882 23 33 45.8322 -04  9  4.479
2022 11 27.528206 23 33 45.8310 -04  9  4.446
2022 11 27.528530 23 33 45.8304 -04  9  4.428
2022 11 27.528854 23 33 45.8305 -04  9  4.419
2022 11 27.529178 23 33 45.8292 -04  9  4.432
2022 11 27.529502 23 33 45.8281 -04  9  4.469
2022 11 27.529826 23 33 45.8272 -04  9  4.422
2022 11 27.530150 23 33 45.8274 -04  9  4.438
2022 11 27.530463 23 33 45.8276 -04  9  4.461
2022 11 27.530787 23 33 45.8253 -04  9  4.440
2022 11 27.531111 23 33 45.8264 -04  9  4.467
2022 11 27.531435 23 33 45.8250 -04  9  4.452
2022 11 27.531759 23 33 45.8239 -04  9  4.480
2022 11 27.532083 23 33 45.8235 -04  9  4.447
2022 11 27.532407 23 33 45.8237 -04  9  4.475
2022 11 27.532731 23 33 45.8228 -04  9  4.459
2022 11 27.533056 23 33 45.8226 -04  9  4.468
2022 11 27.533368 23 33 45.8221 -04  9  4.442
2022 11 27.533692 23 33 45.8227 -04  9  4.472
2022 11 27.534016 23 33 45.8203 -04  9  4.485
2022 11 27.534340 23 33 45.8215 -04  9  4.510
2022 11 27.534664 23 33 45.8183 -04  9  4.482
2022 11 27.534988 23 33 45.8185 -04  9  4.507
2022 11 27.535312 23 33 45.8178 -04  9  4.483
2022 11 27.535637 23 33 45.8187 -04  9  4.525
2022 11 27.535961 23 33 45.8176 -04  9  4.483
2022 11 27.536273 23 33 45.8172 -04  9  4.475
2022 11 27.536597 23 33 45.8168 -04  9  4.497
2022 11 27.536921 23 33 45.8163 -04  9  4.533
2022 11 27.537245 23 33 45.8152 -04  9  4.533
2022 11 27.537569 23 33 45.8151 -04  9  4.538
2022 11 27.537894 23 33 45.8137 -04  9  4.485
2022 11 27.538380 23 33 45.8142 -04  9  4.545
2022 11 27.538704 23 33 45.8116 -04  9  4.546
2022 11 28.513843 23 33 44.4188 -04  9  4.895
2022 11 28.514190 23 33 44.4175 -04  9  4.959
2022 11 28.514525 23 33 44.4174 -04  9  4.909
2022 11 28.515729 23 33 44.4171 -04  9  4.945
2022 11 28.516065 23 33 44.4171 -04  9  4.900
2022 11 28.516412 23 33 44.4158 -04  9  4.927
2022 11 28.516759 23 33 44.4154 -04  9  4.920
2022 11 28.517095 23 33 44.4148 -04  9  4.939
2022 11 28.517442 23 33 44.4141 -04  9  4.910
2022 11 28.517778 23 33 44.4144 -04  9  4.905
2022 11 28.518125 23 33 44.4128 -04  9  4.904
2022 11 28.518461 23 33 44.4134 -04  9  4.894
2022 11 28.518785 23 33 44.4133 -04  9  4.917
2022 11 28.519109 23 33 44.4119 -04  9  4.902
2022 11 28.519433 23 33 44.4111 -04  9  4.917
2022 11 28.519745 23 33 44.4123 -04  9  4.892
2022 11 28.520069 23 33 44.4121 -04  9  4.929
2022 11 28.520394 23 33 44.4115 -04  9  4.909
2022 11 28.520718 23 33 44.4123 -04  9  4.888
2022 11 28.521042 23 33 44.4092 -04  9  4.885
2022 11 28.521366 23 33 44.4092 -04  9  4.884
2022 11 28.521678 23 33 44.4077 -04  9  4.890
2022 11 28.522002 23 33 44.4085 -04  9  4.854
2022 11 28.522326 23 33 44.4090 -04  9  4.884
2022 11 28.522650 23 33 44.4075 -04  9  4.889
2022 11 28.522975 23 33 44.4087 -04  9  4.852
2022 11 28.523287 23 33 44.4086 -04  9  4.853
2022 11 28.523611 23 33 44.4077 -04  9  4.854
2022 11 28.523935 23 33 44.4063 -04  9  4.833
2022 11 28.524259 23 33 44.4064 -04  9  4.871
2022 11 28.524583 23 33 44.4048 -04  9  4.828
2022 11 28.524907 23 33 44.4046 -04  9  4.830
2022 11 28.525220 23 33 44.4057 -04  9  4.836
2022 11 28.525544 23 33 44.4048 -04  9  4.822
2022 11 28.525868 23 33 44.4058 -04  9  4.849
2022 11 28.526192 23 33 44.4048 -04  9  4.852
2022 11 28.526516 23 33 44.4047 -04  9  4.795
2022 11 28.526829 23 33 44.4033 -04  9  4.811
2022 11 28.527153 23 33 44.4025 -04  9  4.810
2022 11 28.527477 23 33 44.4022 -04  9  4.833
2022 11 29.543437 23 33 43.8276 -04  8 52.155
2022 11 29.543773 23 33 43.8297 -04  8 52.132
2022 11 29.544109 23 33 43.8263 -04  8 52.174
2022 11 29.544444 23 33 43.8285 -04  8 52.113
2022 11 29.544769 23 33 43.8269 -04  8 52.101
2022 11 29.545104 23 33 43.8275 -04  8 52.151
2022 11 29.545440 23 33 43.8264 -04  8 52.124
2022 11 29.545775 23 33 43.8279 -04  8 52.092
2022 11 29.546100 23 33 43.8233 -04  8 52.110
2022 11 29.546435 23 33 43.8274 -04  8 52.156
2022 11 29.547106 23 33 43.8260 -04  8 52.066
2022 11 29.548102 23 33 43.8264 -04  8 52.098
2022 11 29.548426 23 33 43.8260 -04  8 52.079
2022 11 29.548762 23 33 43.8245 -04  8 52.041
2022 11 29.549097 23 33 43.8257 -04  8 52.052
2022 11 29.549433 23 33 43.8259 -04  8 52.037
2022 11 29.549757 23 33 43.8277 -04  8 52.100
2022 11 29.550093 23 33 43.8240 -04  8 52.064
2022 11 29.550428 23 33 43.8263 -04  8 52.110
2022 11 29.550764 23 33 43.8231 -04  8 52.114
2022 11 29.551088 23 33 43.8284 -04  8 52.036
2022 11 29.551424 23 33 43.8262 -04  8 52.049
2022 11 29.551759 23 33 43.8273 -04  8 52.021
2022 11 29.552095 23 33 43.8226 -04  8 52.000
2022 11 29.552419 23 33 43.8305 -04  8 52.013
2022 11 29.552755 23 33 43.8243 -04  8 52.020
2022 11 29.553090 23 33 43.8207 -04  8 52.014
2022 11 29.553426 23 33 43.8224 -04  8 51.962
2022 11 29.553750 23 33 43.8239 -04  8 51.990
2022 11 29.554421 23 33 43.8218 -04  8 51.973
2022 11 29.554757 23 33 43.8221 -04  8 51.975
2022 11 29.555093 23 33 43.8188 -04  8 51.916
2022 11 29.555417 23 33 43.8216 -04  8 51.959
2022 11 29.555752 23 33 43.8251 -04  8 52.002
2022 11 29.556088 23 33 43.8212 -04  8 51.938
2022 11 29.556424 23 33 43.8237 -04  8 52.039
2022 11 30.534630 23 33 44.0185 -04  8 42.235
2022 11 30.534965 23 33 44.0215 -04  8 42.269
2022 11 30.535312 23 33 44.0207 -04  8 42.276
2022 11 30.535995 23 33 44.0204 -04  8 42.247
2022 11 30.536331 23 33 44.0203 -04  8 42.224
2022 11 30.536678 23 33 44.0209 -04  8 42.292
2022 11 30.537014 23 33 44.0218 -04  8 42.217
2022 11 30.537361 23 33 44.0202 -04  8 42.232
2022 11 30.537697 23 33 44.0206 -04  8 42.254
2022 11 30.538044 23 33 44.0202 -04  8 42.244
2022 11 30.538380 23 33 44.0192 -04  8 42.265
2022 11 30.538715 23 33 44.0192 -04  8 42.256
2022 11 30.539062 23 33 44.0204 -04  8 42.275
2022 11 30.539398 23 33 44.0204 -04  8 42.308
2022 11 30.539745 23 33 44.0200 -04  8 42.245
2022 11 30.540081 23 33 44.0207 -04  8 42.259
2022 11 30.540428 23 33 44.0225 -04  8 42.261
2022 11 30.540764 23 33 44.0205 -04  8 42.250
2022 11 30.541111 23 33 44.0210 -04  8 42.249
2022 11 30.541447 23 33 44.0203 -04  8 42.284
2022 11 30.541794 23 33 44.0227 -04  8 42.253
2022 11 30.542130 23 33 44.0222 -04  8 42.241
2022 11 30.542465 23 33 44.0211 -04  8 42.262
2022 11 30.542813 23 33 44.0214 -04  8 42.255
2022 11 30.543148 23 33 44.0210 -04  8 42.246
2022 11 30.543495 23 33 44.0211 -04  8 42.224
2022 11 30.543831 23 33 44.0217 -04  8 42.230
2022 11 30.544178 23 33 44.0217 -04  8 42.269
2022 11 30.544514 23 33 44.0214 -04  8 42.281
2022 11 30.544861 23 33 44.0226 -04  8 42.190
2022 12 25.462523 23 34 12.2621 -04  4 59.989 
2022 12 25.462882 23 34 12.2619 -04  5  0.017 
2022 12 25.463241 23 34 12.2651 -04  4 59.938 
2022 12 25.463947 23 34 12.2664 -04  4 59.971 
2022 12 25.464306 23 34 12.2682 -04  5  0.037 
2022 12 25.464664 23 34 12.2678 -04  5  0.017 
2022 12 25.465023 23 34 12.2718 -04  4 59.952 
2022 12 25.465729 23 34 12.2706 -04  4 59.983 
2022 12 25.466447 23 34 12.2716 -04  5  0.032 
2022 12 25.466806 23 34 12.2740 -04  5  0.022 
2022 12 25.467153 23 34 12.2744 -04  5  0.013 
2022 12 25.467859 23 34 12.2764 -04  5  0.003 
2022 12 25.468218 23 34 12.2729 -04  4 59.904 
2022 12 25.468565 23 34 12.2763 -04  4 59.923 
2022 12 25.468924 23 34 12.2774 -04  4 59.963 
2022 12 25.469988 23 34 12.2793 -04  4 59.953 
2022 12 25.470336 23 34 12.2800 -04  4 59.874 
2022 12 25.471053 23 34 12.2844 -04  4 59.939 
2022 12 25.471759 23 34 12.2875 -04  4 59.930 
2022 12 25.472118 23 34 12.2851 -04  4 59.892 
2022 12 25.472477 23 34 12.2869 -04  4 59.915 
2022 12 25.472836 23 34 12.2837 -04  4 59.944 
2022 12 25.473183 23 34 12.2884 -04  4 59.981 
2022 12 25.473542 23 34 12.2879 -04  4 59.917 
2022 12 25.473900 23 34 12.2883 -04  4 59.983 
2022 12 25.474248 23 34 12.2870 -04  4 59.918 
2022 12 25.474606 23 34 12.2924 -04  4 59.948 
2022 12 25.474954 23 34 12.2912 -04  4 59.955 
2022 12 25.475671 23 34 12.2921 -04  4 59.921 
2022 12 25.476377 23 34 12.2923 -04  4 59.925 
2022 12 25.476736 23 34 12.2979 -04  4 59.935 
2022 12 25.477083 23 34 12.2956 -04  4 59.950 
2022 12 25.477442 23 34 12.2998 -04  4 59.928 
2022 12 25.478495 23 34 12.3026 -04  4 59.931 
2022 12 25.478854 23 34 12.2993 -04  4 59.957 
2022 12 25.479201 23 34 12.3007 -04  4 59.925 
2022 12 25.479907 23 34 12.3028 -04  4 59.874 
2022 12 25.480266 23 34 12.3065 -04  4 59.879 
2022 12 25.480625 23 34 12.3047 -04  4 59.937 
2022 12 25.480972 23 34 12.3073 -04  4 59.860 
2022 12 25.481331 23 34 12.3091 -04  4 59.850 
2022 12 25.481690 23 34 12.3091 -04  4 59.900 
2022 12 25.482037 23 34 12.3089 -04  4 59.917 
2022 12 25.482396 23 34 12.3117 -04  4 59.941 
2022 12 25.482755 23 34 12.3123 -04  4 59.879 
2022 12 25.483102 23 34 12.3133 -04  4 59.915 
2022 12 25.483461 23 34 12.3131 -04  4 59.863 
2022 12 25.483819 23 34 12.3141 -04  4 59.841 
2022 12 25.484167 23 34 12.3162 -04  4 59.916 
2022 12 25.484525 23 34 12.3193 -04  4 59.859 
2022 12 25.484884 23 34 12.3200 -04  4 59.876 
2022 12 25.485231 23 34 12.3180 -04  4 59.844 
2022 12 25.485590 23 34 12.3197 -04  4 59.861 
2022 12 25.485937 23 34 12.3219 -04  4 59.849 
2022 12 25.486296 23 34 12.3233 -04  4 59.898 
2022 12 25.486644 23 34 12.3219 -04  4 59.848 
2022 12 25.486991 23 34 12.3236 -04  4 59.862 
2022 12 25.487350 23 34 12.3237 -04  4 59.840 
2022 12 25.487708 23 34 12.3230 -04  4 59.876 
2022 12 25.488056 23 34 12.3248 -04  4 59.833 
2022 12 25.488414 23 34 12.3263 -04  4 59.841 
2022 12 25.488773 23 34 12.3274 -04  4 59.879 
2022 12 25.489120 23 34 12.3289 -04  4 59.848 
2022 12 25.489479 23 34 12.3299 -04  4 59.824 
2022 12 25.489826 23 34 12.3291 -04  4 59.860 
2022 12 25.490174 23 34 12.3288 -04  4 59.900 
2022 12 25.490532 23 34 12.3319 -04  4 59.867 
2022 12 25.490891 23 34 12.3328 -04  4 59.850
2022 12 26.465984 23 34 14.5548 -04  4 55.059  
2022 12 26.466366 23 34 14.5557 -04  4 55.084 
2022 12 26.466713 23 34 14.5573 -04  4 55.065 
2022 12 26.467072 23 34 14.5585 -04  4 55.066 
2022 12 26.467419 23 34 14.5561 -04  4 55.112 
2022 12 26.467766 23 34 14.5569 -04  4 55.050 
2022 12 26.468472 23 34 14.5604 -04  4 55.073 
2022 12 26.468819 23 34 14.5602 -04  4 55.122 
2022 12 26.469167 23 34 14.5620 -04  4 55.058 
2022 12 26.469514 23 34 14.5603 -04  4 55.062 
2022 12 26.469873 23 34 14.5621 -04  4 55.064 
2022 12 26.470220 23 34 14.5658 -04  4 55.109 
2022 12 26.470567 23 34 14.5671 -04  4 55.122 
2022 12 26.470914 23 34 14.5659 -04  4 54.985 
2022 12 26.471273 23 34 14.5661 -04  4 55.046 
2022 12 26.471620 23 34 14.5646 -04  4 55.067 
2022 12 26.471968 23 34 14.5698 -04  4 55.101 
2022 12 26.472315 23 34 14.5656 -04  4 55.030 
2022 12 26.472674 23 34 14.5696 -04  4 55.070 
2022 12 26.473021 23 34 14.5667 -04  4 55.119 
2022 12 26.473368 23 34 14.5700 -04  4 55.008 
2022 12 26.473727 23 34 14.5689 -04  4 55.049 
2022 12 26.474074 23 34 14.5726 -04  4 55.080 
2022 12 26.474421 23 34 14.5733 -04  4 55.046 
2022 12 26.474769 23 34 14.5711 -04  4 54.975 
2022 12 26.475127 23 34 14.5734 -04  4 54.990 
2022 12 26.475475 23 34 14.5716 -04  4 54.955 
2022 12 26.475822 23 34 14.5751 -04  4 54.994 
2022 12 26.476875 23 34 14.5762 -04  4 55.005 
2022 12 26.477222 23 34 14.5758 -04  4 55.056 
2022 12 26.477662 23 34 14.5785 -04  4 55.049 
2022 12 26.478032 23 34 14.5812 -04  4 55.052 
2022 12 26.478380 23 34 14.5807 -04  4 55.030 
2022 12 26.478738 23 34 14.5772 -04  4 54.976 
2022 12 26.479433 23 34 14.5805 -04  4 55.028 
2022 12 26.479780 23 34 14.5803 -04  4 54.972 
2022 12 26.480139 23 34 14.5853 -04  4 55.024 
2022 12 26.480486 23 34 14.5854 -04  4 54.994 
2022 12 26.480833 23 34 14.5818 -04  4 55.002 
2022 12 26.481192 23 34 14.5831 -04  4 54.929 
2023 09 14.698235 23 47 36.0751 -02 43 44.329 
2023 09 14.698547 23 47 36.0737 -02 43 44.353 
2023 09 14.698860 23 47 36.0667 -02 43 44.331 
2023 09 14.699161 23 47 36.0752 -02 43 44.404 
2023 09 14.699462 23 47 36.0727 -02 43 44.323 
2023 09 14.700087 23 47 36.0690 -02 43 44.496 
2023 09 14.700399 23 47 36.0604 -02 43 44.487 
2023 09 14.700712 23 47 36.0596 -02 43 44.446 
2023 09 14.701013 23 47 36.0596 -02 43 44.424 
2023 09 14.701325 23 47 36.0595 -02 43 44.447 
2023 09 14.701638 23 47 36.0600 -02 43 44.462 
2023 09 14.701950 23 47 36.0587 -02 43 44.467 
2023 09 14.702263 23 47 36.0537 -02 43 44.487 
2023 09 14.702575 23 47 36.0498 -02 43 44.472 
2023 09 14.703513 23 47 36.0424 -02 43 44.642 
2023 09 14.703825 23 47 36.0477 -02 43 44.534 
2023 09 14.704138 23 47 36.0425 -02 43 44.621
2023 09 15.655249 23 47 30.7078 -02 44 29.421 
2023 09 15.655538 23 47 30.7095 -02 44 29.442
2023 09 15.655839 23 47 30.7056 -02 44 29.445
2023 09 15.656418 23 47 30.7054 -02 44 29.444
2023 09 16.639155 23 47 24.4350 -02 45 24.623
2023 09 16.639861 23 47 24.4341 -02 45 24.655
2023 09 16.640556 23 47 24.4297 -02 45 24.691
2023 09 16.641609 23 47 24.4262 -02 45 24.758
2023 09 16.642315 23 47 24.4235 -02 45 24.775
2023 09 16.642662 23 47 24.4178 -02 45 24.748
2023 09 16.643715 23 47 24.4102 -02 45 24.790
2023 09 16.644063 23 47 24.4077 -02 45 24.917
2023 09 16.644421 23 47 24.4048 -02 45 24.755
2023 09 16.645116 23 47 24.4061 -02 45 24.972
2023 10 14.660995 23 44 39.9304 -03  2 49.746
2023 10 14.661806 23 44 39.9298 -03  2 49.854
2023 10 14.662616 23 44 39.9262 -03  2 49.806
2023 10 14.663438 23 44 39.9201 -03  2 49.882
2023 10 14.664259 23 44 39.9181 -03  2 49.956
2023 10 14.665069 23 44 39.9091 -03  2 49.946
2023 10 14.665891 23 44 39.9062 -03  2 49.976
2023 10 14.666701 23 44 39.9069 -03  2 50.065
2023 10 14.671597 23 44 39.8770 -03  2 50.296
2023 10 14.672419 23 44 39.8783 -03  2 50.338
2023 10 14.674051 23 44 39.8664 -03  2 50.357
2023 10 14.674861 23 44 39.8584 -03  2 50.411
2023 10 14.675683 23 44 39.8592 -03  2 50.385
2023 10 14.676493 23 44 39.8556 -03  2 50.452
2023 10 14.678947 23 44 39.8401 -03  2 50.637
2023 10 16.599850 23 44 29.0087 -03  4 21.790
2023 10 16.600313 23 44 29.0064 -03  4 21.855
2023 10 16.601262 23 44 29.0015 -03  4 21.876
2023 10 16.601725 23 44 29.0005 -03  4 21.887
2023 10 16.602199 23 44 28.9969 -03  4 21.881
2023 10 16.602662 23 44 28.9921 -03  4 21.931
2023 10 16.603137 23 44 28.9903 -03  4 21.967
2023 10 16.603600 23 44 28.9884 -03  4 21.931
2023 10 16.604074 23 44 28.9837 -03  4 21.992
2023 10 16.604537 23 44 28.9820 -03  4 22.003
2023 10 16.605012 23 44 28.9782 -03  4 22.018
2023 10 16.605475 23 44 28.9757 -03  4 22.009
2023 10 16.605949 23 44 28.9727 -03  4 22.061
2023 10 16.606887 23 44 28.9666 -03  4 22.078
2023 10 16.607350 23 44 28.9629 -03  4 22.103
2023 10 16.607824 23 44 28.9612 -03  4 22.150
2023 10 16.608287 23 44 28.9588 -03  4 22.177
2023 10 16.609225 23 44 28.9532 -03  4 22.211
2023 10 16.609699 23 44 28.9470 -03  4 22.217
2023 10 16.610162 23 44 28.9480 -03  4 22.223
2023 10 16.610637 23 44 28.9445 -03  4 22.242
2023 10 16.611100 23 44 28.9400 -03  4 22.277
2023 10 16.611574 23 44 28.9388 -03  4 22.310
2023 10 16.612037 23 44 28.9356 -03  4 22.328
2023 10 16.612512 23 44 28.9318 -03  4 22.332
2023 10 16.612975 23 44 28.9308 -03  4 22.342
2023 10 16.613449 23 44 28.9275 -03  4 22.378
2023 10 16.613924 23 44 28.9219 -03  4 22.384
2023 10 16.614387 23 44 28.9206 -03  4 22.399
2023 10 16.614861 23 44 28.9174 -03  4 22.424
2023 10 16.615799 23 44 28.9105 -03  4 22.480
2023 10 16.616262 23 44 28.9093 -03  4 22.471
2023 10 16.616736 23 44 28.9042 -03  4 22.508
2023 10 16.617199 23 44 28.9035 -03  4 22.506
2023 10 16.617674 23 44 28.8982 -03  4 22.508
2023 10 16.618137 23 44 28.8991 -03  4 22.559
2023 10 16.618611 23 44 28.8940 -03  4 22.577
2023 10 16.619074 23 44 28.8917 -03  4 22.597
2023 10 16.619549 23 44 28.8871 -03  4 22.617
2023 10 16.620012 23 44 28.8866 -03  4 22.648
2023 10 16.620486 23 44 28.8826 -03  4 22.654
2023 10 16.620949 23 44 28.8802 -03  4 22.670
2023 10 16.621424 23 44 28.8764 -03  4 22.703
2023 10 16.621887 23 44 28.8739 -03  4 22.710
2023 10 16.622361 23 44 28.8694 -03  4 22.734
2023 10 16.622824 23 44 28.8665 -03  4 22.739
2023 10 16.623299 23 44 28.8637 -03  4 22.770
2023 10 16.623762 23 44 28.8623 -03  4 22.786
2023 10 16.624236 23 44 28.8588 -03  4 22.808
2023 10 16.624699 23 44 28.8567 -03  4 22.840
2023 10 16.625174 23 44 28.8515 -03  4 22.864
2023 10 16.625637 23 44 28.8502 -03  4 22.858
2023 10 16.626111 23 44 28.8486 -03  4 22.894
2023 10 16.626586 23 44 28.8461 -03  4 22.890
2023 10 16.627049 23 44 28.8436 -03  4 22.952
2023 10 16.627986 23 44 28.8370 -03  4 22.950
2023 10 16.628461 23 44 28.8331 -03  4 22.991
2023 10 16.628924 23 44 28.8321 -03  4 22.998
2023 10 16.629398 23 44 28.8274 -03  4 23.041
2023 10 16.629861 23 44 28.8244 -03  4 23.037
2023 10 16.630799 23 44 28.8182 -03  4 23.075
2023 10 16.631273 23 44 28.8162 -03  4 23.112
2023 10 16.631736 23 44 28.8121 -03  4 23.118
2023 10 16.632674 23 44 28.8090 -03  4 23.139
2023 10 16.633148 23 44 28.8050 -03  4 23.165
2023 10 16.633611 23 44 28.8018 -03  4 23.214
2023 10 16.634086 23 44 28.7985 -03  4 23.194
2023 10 16.634549 23 44 28.7942 -03  4 23.232
2023 10 16.635023 23 44 28.7945 -03  4 23.248
2023 10 16.635498 23 44 28.7897 -03  4 23.266
2023 10 16.635961 23 44 28.7869 -03  4 23.279
2023 10 16.636435 23 44 28.7850 -03  4 23.317
2023 10 16.636898 23 44 28.7824 -03  4 23.348
2023 10 16.637373 23 44 28.7797 -03  4 23.348
2023 10 16.637836 23 44 28.7752 -03  4 23.375
2023 10 16.638773 23 44 28.7718 -03  4 23.407
2023 10 16.639248 23 44 28.7681 -03  4 23.434
2023 10 16.639711 23 44 28.7648 -03  4 23.419
2023 10 16.640185 23 44 28.7616 -03  4 23.466
2023 10 16.640648 23 44 28.7588 -03  4 23.517
2023 10 16.641123 23 44 28.7565 -03  4 23.484
2023 10 16.641586 23 44 28.7534 -03  4 23.513
2023 10 16.642060 23 44 28.7505 -03  4 23.558
2023 10 16.642523 23 44 28.7474 -03  4 23.554
2023 10 16.642998 23 44 28.7442 -03  4 23.570
2023 10 16.643461 23 44 28.7401 -03  4 23.597
2023 10 16.643935 23 44 28.7378 -03  4 23.612
2023 10 16.644398 23 44 28.7350 -03  4 23.615
2023 10 16.644873 23 44 28.7325 -03  4 23.657
2023 10 16.645347 23 44 28.7304 -03  4 23.685
2023 10 16.645810 23 44 28.7264 -03  4 23.692
2023 10 16.646285 23 44 28.7224 -03  4 23.715
2023 11 14.560880 23 42 30.7079 -03 16 23.078 
2023 11 14.561586 23 42 30.7057 -03 16 23.114 
2023 11 14.562280 23 42 30.7027 -03 16 23.155 
2023 11 14.562986 23 42 30.7007 -03 16 23.140 
2023 11 14.563681 23 42 30.6957 -03 16 23.154 
2023 11 14.564375 23 42 30.6960 -03 16 23.192 
2023 11 14.565081 23 42 30.6957 -03 16 23.214 
2023 11 14.565775 23 42 30.6912 -03 16 23.238 
2023 11 14.566481 23 42 30.6913 -03 16 23.250 
2023 11 14.567176 23 42 30.6865 -03 16 23.287 
2023 11 14.567882 23 42 30.6845 -03 16 23.282 
2023 11 14.568576 23 42 30.6793 -03 16 23.311 
2023 11 14.569282 23 42 30.6789 -03 16 23.343 
2023 11 14.569977 23 42 30.6762 -03 16 23.362 
2023 11 14.570671 23 42 30.6755 -03 16 23.382 
2023 11 14.571377 23 42 30.6726 -03 16 23.363 
2023 11 14.572072 23 42 30.6700 -03 16 23.415 
2023 11 14.572778 23 42 30.6664 -03 16 23.419 
2023 11 14.573472 23 42 30.6642 -03 16 23.438 
2023 11 14.574167 23 42 30.6611 -03 16 23.470 
2023 11 14.574873 23 42 30.6570 -03 16 23.483 
2023 11 14.575567 23 42 30.6559 -03 16 23.500 
2023 11 14.576273 23 42 30.6546 -03 16 23.542 
2023 11 14.576968 23 42 30.6525 -03 16 23.561 
2023 11 14.577743 23 42 30.6496 -03 16 23.590 
2023 11 14.578437 23 42 30.6466 -03 16 23.612 
2023 11 14.579132 23 42 30.6454 -03 16 23.599 
2023 11 14.579838 23 42 30.6419 -03 16 23.648 
2023 11 14.580532 23 42 30.6407 -03 16 23.675 
2023 11 14.581238 23 42 30.6358 -03 16 23.677 
2023 11 14.581933 23 42 30.6337 -03 16 23.687 
2023 11 14.582627 23 42 30.6323 -03 16 23.706 
2023 11 14.583333 23 42 30.6298 -03 16 23.732 
2023 12 14.559688 23 42  3.3537 -03 18 16.823 
2023 12 14.560498 23 42  3.3512 -03 18 16.784 
2023 12 14.561319 23 42  3.3556 -03 18 16.727 
2023 12 14.562130 23 42  3.3542 -03 18 16.732 
2023 12 14.562951 23 42  3.3522 -03 18 16.766 
2023 12 14.563762 23 42  3.3539 -03 18 16.778 
2023 12 14.564583 23 42  3.3530 -03 18 16.767 
2023 12 14.565394 23 42  3.3508 -03 18 16.831 
2023 12 14.567847 23 42  3.3543 -03 18 16.789 
2023 12 14.568657 23 42  3.3519 -03 18 16.831 
2023 12 14.569479 23 42  3.3524 -03 18 16.760 
2023 12 14.573542 23 42  3.3551 -03 18 16.752 
2023 12 14.574352 23 42  3.3569 -03 18 16.775 
2023 12 14.575174 23 42  3.3546 -03 18 16.728 
2023 12 14.575984 23 42  3.3580 -03 18 16.715 
2023 12 14.576806 23 42  3.3567 -03 18 16.732 
2023 12 14.577616 23 42  3.3527 -03 18 16.729 
2023 12 14.579248 23 42  3.3562 -03 18 16.730 
2023 12 14.580069 23 42  3.3545 -03 18 16.740 
2023 12 14.580880 23 42  3.3541 -03 18 16.773 
2023 12 14.581701 23 42  3.3561 -03 18 16.705 
2023 12 14.582512 23 42  3.3559 -03 18 16.748 
2023 12 14.583333 23 42  3.3571 -03 18 16.705 
2023 12 14.584144 23 42  3.3531 -03 18 16.777 
2023 12 14.584965 23 42  3.3542 -03 18 16.752 
2023 12 14.585775 23 42  3.3558 -03 18 16.721
2023 12 15.567535 23 42  3.8277 -03 18  4.183 
2023 12 15.568356 23 42  3.8305 -03 18  4.130
2023 12 15.569167 23 42  3.8293 -03 18  4.105
2023 12 15.569977 23 42  3.8282 -03 18  4.110
2023 12 15.570799 23 42  3.8289 -03 18  4.077
2023 12 15.571609 23 42  3.8296 -03 18  4.125
2023 12 15.572431 23 42  3.8315 -03 18  4.068
2023 12 15.573241 23 42  3.8334 -03 18  4.067
2023 12 15.574063 23 42  3.8362 -03 18  4.004
2023 12 15.574873 23 42  3.8336 -03 18  4.070
2023 12 15.575694 23 42  3.8342 -03 18  4.008
2023 12 15.576505 23 42  3.8358 -03 18  4.000
2023 12 15.577326 23 42  3.8370 -03 18  3.979
2023 12 15.578137 23 42  3.8400 -03 18  3.924
2023 12 15.578958 23 42  3.8362 -03 18  3.906
2023 12 15.579769 23 42  3.8400 -03 18  3.905
2023 12 15.580590 23 42  3.8391 -03 18  3.883
2023 12 15.582222 23 42  3.8388 -03 18  3.819
2023 12 15.583032 23 42  3.8405 -03 18  3.875
2023 12 15.583843 23 42  3.8429 -03 18  3.811
2023 12 15.584664 23 42  3.8410 -03 18  3.800
2023 12 15.585475 23 42  3.8437 -03 18  3.762
2023 12 15.586296 23 42  3.8443 -03 18  3.809
2023 12 15.587106 23 42  3.8445 -03 18  3.772
2023 12 15.587928 23 42  3.8436 -03 18  3.760
2023 12 15.588738 23 42  3.8460 -03 18  3.705
2023 12 15.589560 23 42  3.8454 -03 18  3.724
2023 12 15.590370 23 42  3.8450 -03 18  3.664
2023 12 15.591192 23 42  3.8464 -03 18  3.667
2024 10 28.582824 23 51 52.7822 -02 19  8.499 
2024 10 28.583299 23 51 52.7777 -02 19  8.468 
2024 10 28.583762 23 51 52.7788 -02 19  8.524 
2024 10 28.584225 23 51 52.7746 -02 19  8.531 
2024 10 28.584699 23 51 52.7709 -02 19  8.567 
2024 10 28.585162 23 51 52.7710 -02 19  8.544 
2024 10 28.585637 23 51 52.7680 -02 19  8.546 
2024 10 28.586100 23 51 52.7668 -02 19  8.555 
2024 10 28.586574 23 51 52.7642 -02 19  8.526 
2024 10 28.587500 23 51 52.7625 -02 19  8.536 
2024 10 28.587975 23 51 52.7595 -02 19  8.564 
2024 10 28.588438 23 51 52.7561 -02 19  8.542 
2024 10 28.588912 23 51 52.7557 -02 19  8.560 
2024 10 28.589375 23 51 52.7521 -02 19  8.587 
2024 10 28.589850 23 51 52.7498 -02 19  8.579 
2024 10 28.590312 23 51 52.7497 -02 19  8.623 
2024 10 28.590787 23 51 52.7478 -02 19  8.577 
2024 10 28.591250 23 51 52.7437 -02 19  8.663 
2024 10 28.591725 23 51 52.7417 -02 19  8.614 
2024 10 28.592188 23 51 52.7383 -02 19  8.647 
2024 10 28.592662 23 51 52.7391 -02 19  8.632 
2024 10 28.593125 23 51 52.7367 -02 19  8.615 
2024 10 28.593600 23 51 52.7342 -02 19  8.646 
2024 10 28.594062 23 51 52.7348 -02 19  8.615 
2024 10 28.594525 23 51 52.7314 -02 19  8.642 
2024 10 28.595000 23 51 52.7275 -02 19  8.648 
2024 10 28.595475 23 51 52.7276 -02 19  8.717 
2024 10 28.595938 23 51 52.7236 -02 19  8.701 
2024 10 28.596412 23 51 52.7200 -02 19  8.727 
2024 10 28.596875 23 51 52.7219 -02 19  8.672 
2024 10 28.597338 23 51 52.7162 -02 19  8.699 
2024 10 28.597812 23 51 52.7169 -02 19  8.706 
2024 10 28.598275 23 51 52.7123 -02 19  8.696 
2024 10 28.598750 23 51 52.7118 -02 19  8.674 
2024 10 28.599225 23 51 52.7079 -02 19  8.696 
2024 10 28.599688 23 51 52.7074 -02 19  8.696 
2024 10 28.600162 23 51 52.7069 -02 19  8.650 
2024 10 28.600625 23 51 52.7032 -02 19  8.738 
2024 10 28.601088 23 51 52.7010 -02 19  8.719 
2024 10 28.610579 23 51 52.6623 -02 19  8.804 
2024 10 28.621354 23 51 52.6149 -02 19  8.942 
2024 10 28.632141 23 51 52.5662 -02 19  9.040 
2024 10 28.635729 23 51 52.5535 -02 19  9.115 
2024 10 28.642928 23 51 52.5196 -02 19  9.147 
2024 10 29.515127 23 51 49.1702 -02 19 20.609 
2024 10 29.515822 23 51 49.1703 -02 19 20.599 
2024 10 29.516528 23 51 49.1691 -02 19 20.598 
2024 10 29.517222 23 51 49.1618 -02 19 20.597 
2024 10 29.517928 23 51 49.1579 -02 19 20.675 
2024 10 29.518623 23 51 49.1577 -02 19 20.639 
2024 10 29.519329 23 51 49.1551 -02 19 20.732 
2024 10 29.520023 23 51 49.1542 -02 19 20.691 
2024 10 29.520729 23 51 49.1490 -02 19 20.768 
2024 10 29.521424 23 51 49.1492 -02 19 20.719 
2024 10 29.522130 23 51 49.1465 -02 19 20.776 
2024 10 29.522824 23 51 49.1430 -02 19 20.771 
2024 10 29.523519 23 51 49.1401 -02 19 20.753 
2024 10 29.524225 23 51 49.1362 -02 19 20.784 
2024 10 29.524919 23 51 49.1327 -02 19 20.761 
2024 10 29.525625 23 51 49.1315 -02 19 20.795 
2024 10 29.526319 23 51 49.1313 -02 19 20.752 
2024 10 29.527025 23 51 49.1235 -02 19 20.860 
2024 10 29.527720 23 51 49.1199 -02 19 20.839 
2024 10 29.528426 23 51 49.1224 -02 19 20.850 
2024 10 29.529120 23 51 49.1186 -02 19 20.885 
2024 10 29.529826 23 51 49.1133 -02 19 20.861 
2024 10 29.530521 23 51 49.1138 -02 19 20.907 
2024 10 29.531227 23 51 49.1091 -02 19 20.937 
2024 10 29.531921 23 51 49.1116 -02 19 20.903 
2024 10 29.532627 23 51 49.1059 -02 19 20.916 
2024 10 29.533322 23 51 49.1015 -02 19 20.909 
2024 10 29.534028 23 51 49.0979 -02 19 20.944 
2024 10 29.534722 23 51 49.0985 -02 19 20.997 
2024 10 29.535428 23 51 49.0959 -02 19 20.953 
2024 10 29.544097 23 51 49.0614 -02 19 21.109 
2024 10 29.547685 23 51 49.0493 -02 19 21.164 
2024 10 29.551285 23 51 49.0362 -02 19 21.279 
2024 10 29.554873 23 51 49.0227 -02 19 21.299 
2024 10 29.558472 23 51 49.0089 -02 19 21.384 
2024 10 29.562060 23 51 48.9948 -02 19 21.429 
2024 10 29.565660 23 51 48.9810 -02 19 21.516 
2024 10 29.569248 23 51 48.9697 -02 19 21.567 
2024 10 29.572847 23 51 48.9549 -02 19 21.639 
2024 10 29.576435 23 51 48.9416 -02 19 21.702 
2024 10 29.584780 23 51 48.9113 -02 19 21.841 
2024 10 29.588380 23 51 48.8988 -02 19 21.914 
2024 10 29.591968 23 51 48.8874 -02 19 21.990 
2024 10 29.595567 23 51 48.8738 -02 19 22.018 
2024 10 29.602755 23 51 48.8476 -02 19 22.139 
2024 10 29.617130 23 51 48.7869 -02 19 22.463 
2024 10 30.584792 23 51 45.2004 -02 19 48.222 
2024 10 30.586285 23 51 45.1965 -02 19 48.299 
2024 10 30.587095 23 51 45.1917 -02 19 48.327 
2024 10 30.587917 23 51 45.1887 -02 19 48.262 
2024 10 30.588727 23 51 45.1897 -02 19 48.285 
2024 10 30.589549 23 51 45.1838 -02 19 48.368 
2024 10 30.590359 23 51 45.1817 -02 19 48.402 
2024 10 30.591181 23 51 45.1761 -02 19 48.435 
2024 10 30.591991 23 51 45.1743 -02 19 48.407 
2024 10 30.593623 23 51 45.1698 -02 19 48.544 
2024 10 30.594444 23 51 45.1653 -02 19 48.484 
2024 10 30.595255 23 51 45.1610 -02 19 48.600 
2024 10 30.596076 23 51 45.1564 -02 19 48.575 
2024 10 30.596887 23 51 45.1541 -02 19 48.634 
2024 10 30.597708 23 51 45.1524 -02 19 48.656 
2024 10 30.598519 23 51 45.1486 -02 19 48.716 
2024 10 30.599340 23 51 45.1466 -02 19 48.629 
2024 10 30.600162 23 51 45.1418 -02 19 48.657 
2024 10 30.600972 23 51 45.1371 -02 19 48.751 
2024 10 30.601794 23 51 45.1326 -02 19 48.826 
2024 10 30.602604 23 51 45.1309 -02 19 48.805 
2024 10 30.603426 23 51 45.1260 -02 19 48.784 
2024 10 30.604236 23 51 45.1259 -02 19 48.829 
2024 10 30.605058 23 51 45.1229 -02 19 48.932 
2024 10 30.605868 23 51 45.1189 -02 19 48.945 
2024 10 30.606690 23 51 45.1154 -02 19 48.918 
2024 10 30.607500 23 51 45.1138 -02 19 48.999 
2024 10 30.608322 23 51 45.1071 -02 19 49.032 
2024 10 30.609132 23 51 45.1079 -02 19 49.031 
2024 10 30.629687 23 51 45.0247 -02 19 49.757 
2024 10 30.633275 23 51 45.0076 -02 19 49.882 
2024 10 30.636875 23 51 44.9929 -02 19 50.003 
2024 10 30.640463 23 51 44.9775 -02 19 50.133 
2024 10 30.647650 23 51 44.9474 -02 19 50.396 
2024 10 30.651250 23 51 44.9357 -02 19 50.491 
2024 10 30.654838 23 51 44.9205 -02 19 50.662 
2024 10 30.662025 23 51 44.8892 -02 19 50.902 
2024 10 30.665625 23 51 44.8762 -02 19 51.042 
2024 11  3.577465 23 51 27.3526 -02 21 42.785 
2024 11  3.578287 23 51 27.3508 -02 21 42.718 
2024 11  3.579097 23 51 27.3455 -02 21 42.796 
2024 11  3.579907 23 51 27.3407 -02 21 42.817 
2024 11  3.580729 23 51 27.3416 -02 21 42.768 
2024 11  3.581539 23 51 27.3352 -02 21 42.798 
2024 11  3.582361 23 51 27.3326 -02 21 42.841 
2024 11  3.583171 23 51 27.3278 -02 21 42.852 
2024 11  3.583981 23 51 27.3241 -02 21 42.825 
2024 11  3.584803 23 51 27.3202 -02 21 42.894 
2024 11  3.585613 23 51 27.3208 -02 21 42.849 
2024 11  3.586424 23 51 27.3196 -02 21 42.789 
2024 11  3.587245 23 51 27.3134 -02 21 42.866 
2024 11  3.588056 23 51 27.3069 -02 21 42.862 
2024 11  3.588877 23 51 27.3074 -02 21 42.834 
2024 11  3.589688 23 51 27.3064 -02 21 42.841 
2024 11  3.590509 23 51 27.3031 -02 21 42.893 
2024 11  3.591319 23 51 27.3025 -02 21 42.856 
2024 11  3.592130 23 51 27.2980 -02 21 42.896 
2024 11  3.592951 23 51 27.2925 -02 21 42.940 
2024 11  3.594583 23 51 27.2901 -02 21 42.873 
2024 11  3.595394 23 51 27.2887 -02 21 42.857 
2024 11  3.597025 23 51 27.2798 -02 21 42.874 
2024 11  3.597836 23 51 27.2751 -02 21 42.935 
2024 11  3.598657 23 51 27.2715 -02 21 42.974 
2024 11  3.599468 23 51 27.2712 -02 21 42.980 
2024 11  3.600289 23 51 27.2674 -02 21 42.932 
2024 11  3.601100 23 51 27.2670 -02 21 42.938 
2024 12  2.555046 23 50 16.7476 -02 28 27.010 
2024 12  2.555521 23 50 16.7488 -02 28 27.016 
2024 12  2.555984 23 50 16.7466 -02 28 26.994 
2024 12  2.556447 23 50 16.7477 -02 28 26.993 
2024 12  2.556921 23 50 16.7475 -02 28 27.020 
2024 12  2.557384 23 50 16.7455 -02 28 27.008 
2024 12  2.557859 23 50 16.7436 -02 28 26.966 
2024 12  2.558322 23 50 16.7451 -02 28 26.997 
2024 12  2.558785 23 50 16.7452 -02 28 26.972 
2024 12  2.559259 23 50 16.7445 -02 28 26.940 
2024 12  2.559722 23 50 16.7454 -02 28 26.963 
2024 12  2.560197 23 50 16.7434 -02 28 26.951 
2024 12  2.560660 23 50 16.7426 -02 28 26.956 
2024 12  2.561123 23 50 16.7432 -02 28 26.953 
2024 12  2.561597 23 50 16.7440 -02 28 26.954 
2024 12  2.562060 23 50 16.7411 -02 28 26.946 
2024 12  2.562535 23 50 16.7444 -02 28 26.912 
2024 12  2.562998 23 50 16.7436 -02 28 26.921 
2024 12  2.563461 23 50 16.7430 -02 28 26.907 
2024 12  2.563935 23 50 16.7410 -02 28 26.908 
2024 12  2.564410 23 50 16.7418 -02 28 26.902 
2024 12  2.564873 23 50 16.7408 -02 28 26.875 
2024 12  2.565336 23 50 16.7368 -02 28 26.929 
2024 12  2.565810 23 50 16.7390 -02 28 26.918 
2024 12  2.566273 23 50 16.7404 -02 28 26.897 
2024 12  2.566748 23 50 16.7402 -02 28 26.850 
2024 12  2.567211 23 50 16.7391 -02 28 26.863 
2024 12  2.567685 23 50 16.7371 -02 28 26.854 
2024 12  2.568160 23 50 16.7379 -02 28 26.872 
2024 12  2.568623 23 50 16.7372 -02 28 26.876 
2024 12  2.569097 23 50 16.7393 -02 28 26.867 
2024 12  2.569560 23 50 16.7356 -02 28 26.858 
2024 12  2.570035 23 50 16.7363 -02 28 26.828 
2024 12  2.570498 23 50 16.7376 -02 28 26.831 
2024 12  2.570961 23 50 16.7356 -02 28 26.824 
2024 12  2.571435 23 50 16.7369 -02 28 26.832 
2024 12  2.571898 23 50 16.7344 -02 28 26.826 
2024 12  2.572836 23 50 16.7328 -02 28 26.808 
2024 12  2.573310 23 50 16.7338 -02 28 26.774 
2024 12  3.514028 23 50 16.5109 -02 28 14.019 
2024 12  3.514502 23 50 16.5108 -02 28 14.010 
2024 12  3.514965 23 50 16.5096 -02 28 14.010 
2024 12  3.515440 23 50 16.5106 -02 28 14.018 
2024 12  3.515903 23 50 16.5089 -02 28 13.998 
2024 12  3.516366 23 50 16.5099 -02 28 13.987 
2024 12  3.516840 23 50 16.5098 -02 28 14.002 
2024 12  3.517303 23 50 16.5110 -02 28 13.996 
2024 12  3.517778 23 50 16.5119 -02 28 13.987 
2024 12  3.518241 23 50 16.5105 -02 28 13.979 
2024 12  3.518715 23 50 16.5109 -02 28 13.965 
2024 12  3.519178 23 50 16.5108 -02 28 14.000 
2024 12  3.519641 23 50 16.5094 -02 28 13.953 
2024 12  3.520116 23 50 16.5112 -02 28 13.971 
2024 12  3.520579 23 50 16.5111 -02 28 13.952 
2024 12  3.521053 23 50 16.5109 -02 28 13.926 
2024 12  3.521516 23 50 16.5095 -02 28 13.966 
2024 12  3.521979 23 50 16.5104 -02 28 13.936 
2024 12  3.522454 23 50 16.5102 -02 28 13.929 
2024 12  3.522917 23 50 16.5106 -02 28 13.912 
2024 12  3.523391 23 50 16.5105 -02 28 13.892 
2024 12  3.523854 23 50 16.5113 -02 28 13.907 
2024 12  3.524317 23 50 16.5099 -02 28 13.908 
2024 12  3.524792 23 50 16.5098 -02 28 13.878 
2024 12  3.525255 23 50 16.5119 -02 28 13.918 
2024 12  3.525729 23 50 16.5107 -02 28 13.888 
2024 12  3.526192 23 50 16.5100 -02 28 13.863 
2024 12  3.526655 23 50 16.5098 -02 28 13.888 
2024 12  3.527130 23 50 16.5093 -02 28 13.859 
2024 12  3.527593 23 50 16.5114 -02 28 13.892 
2024 12  3.528067 23 50 16.5094 -02 28 13.835 
2024 12  3.528530 23 50 16.5094 -02 28 13.818 
2024 12  3.529468 23 50 16.5102 -02 28 13.838 
2024 12  3.529942 23 50 16.5112 -02 28 13.846 
2024 12  3.530405 23 50 16.5095 -02 28 13.830 
2024 12  3.530880 23 50 16.5101 -02 28 13.867 
2024 12  3.531343 23 50 16.5117 -02 28 13.801 
2024 12  3.531817 23 50 16.5102 -02 28 13.824 
2024 12  3.532280 23 50 16.5110 -02 28 13.790 
2024 12  3.565382 23 50 16.5078 -02 28 13.414 
2024 12  3.567581 23 50 16.5097 -02 28 13.418 
2024 12  4.534907 23 50 16.6984 -02 28  9.173
2024 12  4.535718 23 50 16.6969 -02 28  9.141
2024 12  4.536539 23 50 16.6974 -02 28  9.208
2024 12  4.537350 23 50 16.6961 -02 28  9.217
2024 12  4.538171 23 50 16.6974 -02 28  9.174
2024 12  4.538981 23 50 16.6971 -02 28  9.145
2024 12  4.539803 23 50 16.6985 -02 28  9.159
2024 12  4.540625 23 50 16.6975 -02 28  9.211
2024 12  4.541435 23 50 16.6969 -02 28  9.161
2024 12  4.542257 23 50 16.6986 -02 28  9.170
2024 12  4.543067 23 50 16.6985 -02 28  9.177
2024 12  4.543889 23 50 16.6971 -02 28  9.186
2024 12  4.544699 23 50 16.6983 -02 28  9.213
2024 12  4.545521 23 50 16.6966 -02 28  9.212
2024 12  4.546331 23 50 16.6991 -02 28  9.197
2024 12  4.547153 23 50 16.6975 -02 28  9.227
2024 12  4.547963 23 50 16.6965 -02 28  9.217
2024 12  4.548785 23 50 16.6980 -02 28  9.224
2024 12  4.549595 23 50 16.6997 -02 28  9.204
2024 12  4.550417 23 50 16.6977 -02 28  9.198
2024 12  4.551227 23 50 16.6977 -02 28  9.205
2024 12  4.552049 23 50 16.6950 -02 28  9.219
2024 12  4.552870 23 50 16.6975 -02 28  9.233
2024 12  4.553681 23 50 16.6983 -02 28  9.220
2024 12  4.554502 23 50 16.6951 -02 28  9.220
2024 12  4.556134 23 50 16.6995 -02 28  9.239
2024 12  4.556944 23 50 16.6970 -02 28  9.264
2024 12  4.560208 23 50 16.6974 -02 28  9.236
2024 12  4.565116 23 50 16.6984 -02 28  9.298
2024 12  4.565926 23 50 16.6996 -02 28  9.221
2024 12  4.570590 23 50 16.6999 -02 28  9.262

